tmw
0.000000     3.000000
0.006667     6.088889
0.013333    13.431818
0.020000    17.430233
0.026667    24.309524
0.033333    25.954545
0.040000    30.732558
0.046667    23.288889
0.053333    30.088889
0.060000    27.824176
0.066667    30.677778
0.073333    31.280899
0.080000    28.088889
0.086667    24.709302
0.093333    30.134831
0.100000    30.852273
0.106667    28.988764
0.113333    27.078652
0.120000    30.888889
0.126667    27.269663
0.133333    32.215909
0.140000    29.788889
0.146667    28.579545
0.153333    29.011111
0.160000    31.808989
0.166667    26.920455
0.173333    29.533333
0.180000    26.404494
0.186667    26.866667
0.193333    28.681818
0.200000    28.600000
Name: counts, dtype: float64