tmw
0.000000    0.438272
0.006667    0.491475
0.013333    0.646061
0.020000    1.125143
0.026667    1.220608
0.033333    1.467950
0.040000    1.604467
0.046667    1.569020
0.053333    1.228095
0.060000    1.176746
0.066667    1.494460
0.073333    1.280577
0.080000    1.177100
0.086667    1.281782
0.093333    1.080077
0.100000    1.282707
0.106667    1.345621
0.113333    1.074083
0.120000    1.167997
0.126667    1.340785
0.133333    1.336454
0.140000    1.180407
0.146667    1.164064
0.153333    1.380266
0.160000    1.125701
0.166667    1.064811
0.173333    1.124164
0.180000    1.472151
0.186667    1.217071
0.193333    1.382987
0.200000    1.208161
Name: counts, dtype: float64