             mean        sem
tmw                         
0.000   14.000000   1.751190
0.008   52.000000   2.875181
0.016  115.000000   7.920438
0.024  184.833333   4.126473
0.032  190.166667  39.465104
0.040  281.166667  12.084195
0.048  245.500000  13.303508
0.056  184.333333   6.955414
0.064  182.500000   6.114191
0.072  232.833333   6.539198
0.080  233.333333  10.326880
0.088  266.000000  17.323395
0.096  231.000000  18.985960
0.104  135.200000  11.521285
0.112  105.166667  11.967781
0.120   75.666667   7.813094
0.128  111.666667   7.885289
0.136  143.333333   6.964992
0.144  132.166667  28.298901
0.152  167.833333  10.215729
0.160  187.333333   8.616522
0.168  219.000000  13.122500
0.176  228.333333  17.764509
0.184  221.500000   9.942334
0.192  212.833333  11.987262
0.200  148.000000   3.119829
0.208  217.000000  15.648216
0.216  230.833333  17.259619
0.224  260.333333   9.573110
0.232  240.333333  12.308985
0.240  195.833333  13.516451
0.248  176.333333  12.148159
0.256  134.857143  24.993741
0.264  108.333333  20.451026
0.272  117.333333  13.512134
0.280  105.500000   4.958158
0.288  149.333333  10.371971
0.296  176.500000   5.031567
0.304  205.571429  34.583823
0.312  240.800000   9.393615
0.320  185.166667  38.966153
0.328  220.666667  12.608639
0.336  201.500000  12.040903
0.344  185.333333  10.685400
0.352  177.000000  36.676059
0.360  263.000000  11.036304
0.368  207.666667   9.762741
0.376  166.500000   8.484299
0.384  137.500000   8.361619
0.392  121.333333   7.753136
0.400  112.833333   5.665196