            mean       sem
tmw                       
0.000   1.846154  0.296262
0.008   8.086957  0.847953
0.016  15.954545  1.431672
0.024  27.909091  1.561037
0.032  35.500000  1.879198
0.040  41.173913  2.685529
0.048  37.272727  2.607998
0.056  21.363636  1.965664
0.064  24.227273  1.650045
0.072  31.272727  2.734406
0.080  34.409091  1.851242
0.088  37.500000  2.230980
0.096  34.181818  2.478161
0.104  21.956522  1.681659
0.112  10.909091  0.962296
0.120   4.095238  0.689737
0.128  10.652174  0.914548
0.136  16.000000  1.310959
0.144  23.409091  1.607153
0.152  21.772727  1.788530
0.160  27.826087  1.782271
0.168  30.590909  1.628559
0.176  38.217391  1.913088
0.184  35.000000  2.712145
0.192  26.318182  1.226310
0.200  12.590909  1.082444
0.208  26.181818  1.791800
0.216  35.478261  2.210172
0.224  40.363636  2.443780
0.232  39.909091  2.591953
0.240  28.913043  1.933594
0.248  21.454545  1.741681
0.256  22.545455  2.007267
0.264  14.636364  1.473497
0.272  14.652174  1.391119
0.280   9.565217  1.133092
0.288  19.181818  1.419768
0.296  27.043478  1.493700
0.304  45.173913  3.581161
0.312  38.772727  2.777407
0.320  42.304348  2.479509
0.328  31.545455  1.968065
0.336  19.826087  2.020304
0.344  22.181818  1.489700
0.352  41.681818  2.444524
0.360  44.318182  2.906469
0.368  36.681818  2.392617
0.376  26.272727  2.458470
0.384  15.318182  1.650641
0.392   7.190476  0.719190
0.400   6.272727  0.773427