tmw
0.000000     3.888889
0.006667     8.609195
0.013333    20.266667
0.020000    34.206522
0.026667    47.188889
0.033333    52.000000
0.040000    47.651685
0.046667    36.269663
0.053333    19.719101
0.060000     9.188889
0.066667     4.397059
0.073333     8.238636
0.080000    21.388889
0.086667    33.404494
0.093333    45.311111
0.100000    50.662921
0.106667    46.791209
0.113333    33.404494
0.120000    20.460674
0.126667     9.288889
0.133333     5.232877
0.140000    10.534884
0.146667    22.348315
0.153333    34.303371
0.160000    44.208791
0.166667    49.087912
0.173333    44.865169
0.180000    36.285714
0.186667    20.966292
0.193333     9.850575
0.200000     6.607595
Name: counts, dtype: float64