            mean       sem
tmw                       
0.000   1.333333  0.333333
0.008   5.250000  0.478714
0.016   7.285714  1.106567
0.024  14.833333  2.329759
0.032  21.000000  2.886751
0.040  25.714286  5.055475
0.048  22.166667  4.969351
0.056  18.000000  1.807392
0.064  13.333333  2.859681
0.072  21.166667  3.070469
0.080  21.857143  2.492165
0.088  25.666667  3.895867
0.096  24.166667  4.777842
0.104  12.333333  3.137586
0.112   7.666667  1.452966
0.120   4.285714  1.016865
0.128   8.666667  1.382429
0.136  12.666667  1.686548
0.144  12.833333  2.414079
0.152  14.333333  2.485514
0.160  15.285714  2.560825
0.168  16.571429  3.250327
0.176  22.166667  4.036638
0.184  20.571429  2.477106
0.192  17.857143  4.177198
0.200   9.833333  1.492574
0.208  16.666667  1.686548
0.216  23.000000  3.387653
0.224  20.833333  3.320810
0.232  23.428571  4.369031
0.240  20.166667  3.590884
0.248  12.500000  1.802776
0.256  11.000000  1.327368
0.264   7.000000  1.527525
0.272   6.666667  1.145038
0.280   7.142857  1.421411
0.288  11.666667  2.333333
0.296  17.333333  3.565265
0.304  20.714286  5.144180
0.312  26.000000  3.741657
0.320  19.500000  2.642600
0.328  22.500000  2.704934
0.336  15.166667  2.088327
0.344  15.666667  2.512192
0.352  18.571429  4.444671
0.360  22.500000  3.593976
0.368  24.833333  4.346774
0.376  20.142857  4.171494
0.384   8.833333  1.400397
0.392   4.666667  0.954521
0.400   2.833333  1.077549