tmw
0.000000    0.296174
0.006667    0.434655
0.013333    0.862064
0.020000    1.154133
0.026667    1.681032
0.033333    1.913074
0.040000    1.984855
0.046667    1.809963
0.053333    1.799198
0.060000    1.808850
0.066667    1.870650
0.073333    2.029279
0.080000    1.826948
0.086667    1.703771
0.093333    2.067378
0.100000    1.798753
0.106667    1.739884
0.113333    1.707119
0.120000    1.913709
0.126667    1.906575
0.133333    1.903254
0.140000    2.011173
0.146667    1.893847
0.153333    2.038610
0.160000    2.136965
0.166667    1.887457
0.173333    2.110328
0.180000    1.849531
0.186667    1.717298
0.193333    1.661660
0.200000    1.935399
Name: counts, dtype: float64