tmw
0.000000     3.978261
0.006667     4.317460
0.013333    10.191781
0.020000    15.583333
0.026667    20.732394
0.033333    22.232877
0.040000    22.661765
0.046667    17.550725
0.053333    14.537313
0.060000    10.142857
0.066667     8.901408
0.073333    10.812500
0.080000    11.943662
0.086667    15.442857
0.093333    17.197183
0.100000    18.611111
0.106667    18.108108
0.113333    16.675676
0.120000    14.710145
0.126667    12.471429
0.133333    12.485294
0.140000    14.183099
0.146667    14.173913
0.153333    15.364865
0.160000    16.101449
0.166667    16.520548
0.173333    16.128571
0.180000    16.101449
0.186667    17.573529
0.193333    15.323529
0.200000    14.029412
Name: counts, dtype: float64