tmw
0.000000    0.816660
0.006667    0.545064
0.013333    1.043059
0.020000    1.197093
0.026667    1.821979
0.033333    2.443003
0.040000    2.149664
0.046667    1.738415
0.053333    1.575405
0.060000    1.417785
0.066667    1.179470
0.073333    1.275588
0.080000    1.178249
0.086667    2.252298
0.093333    1.971440
0.100000    1.972212
0.106667    1.748245
0.113333    1.571628
0.120000    1.823546
0.126667    1.405559
0.133333    1.912203
0.140000    1.578534
0.146667    1.828081
0.153333    1.858890
0.160000    2.327979
0.166667    1.799299
0.173333    1.796219
0.180000    2.065297
0.186667    2.186347
0.193333    1.508233
0.200000    1.571490
Name: counts, dtype: float64