tmw
0.000000    0.430032
0.006667    0.462180
0.013333    0.898999
0.020000    1.455538
0.026667    1.713595
0.033333    1.858671
0.040000    1.805176
0.046667    1.624460
0.053333    1.435132
0.060000    1.694827
0.066667    1.452559
0.073333    1.707665
0.080000    1.630220
0.086667    1.758881
0.093333    1.780545
0.100000    1.968112
0.106667    1.918756
0.113333    2.129288
0.120000    1.909939
0.126667    1.739300
0.133333    1.675358
0.140000    1.846372
0.146667    1.986580
0.153333    1.853171
0.160000    2.007355
0.166667    1.875884
0.173333    1.838594
0.180000    1.665954
0.186667    1.993910
0.193333    2.099303
0.200000    1.969281
Name: counts, dtype: float64