tmw
0.000000     3.846154
0.006667     7.807229
0.013333    18.528090
0.020000    32.988764
0.026667    39.604396
0.033333    48.494382
0.040000    44.648352
0.046667    32.247191
0.053333    26.146067
0.060000    15.287356
0.066667    12.108434
0.073333    16.636364
0.080000    24.588889
0.086667    31.252747
0.093333    42.241379
0.100000    36.722222
0.106667    39.411111
0.113333    31.258427
0.120000    24.449438
0.126667    21.488636
0.133333    19.750000
0.140000    18.574713
0.146667    22.261364
0.153333    30.707865
0.160000    35.359551
0.166667    35.258427
0.173333    34.355556
0.180000    30.122222
0.186667    26.465909
0.193333    25.534091
0.200000    24.022472
Name: counts, dtype: float64