tmw
0.000000    0.417924
0.006667    0.530128
0.013333    0.974302
0.020000    1.414597
0.026667    1.910931
0.033333    1.799292
0.040000    1.735667
0.046667    1.436231
0.053333    0.917288
0.060000    0.619471
0.066667    0.406887
0.073333    0.603021
0.080000    1.030702
0.086667    1.333232
0.093333    1.712161
0.100000    1.874234
0.106667    1.781503
0.113333    1.510748
0.120000    1.034277
0.126667    0.601132
0.133333    0.445475
0.140000    0.618833
0.146667    0.987033
0.153333    1.409095
0.160000    1.635796
0.166667    1.687246
0.173333    1.757240
0.180000    1.364139
0.186667    0.908822
0.193333    0.727239
0.200000    0.469248
Name: counts, dtype: float64