          value       err
tmw                      
0.000 -0.487632  0.012368
0.008 -0.342309  0.017762
0.016 -0.232853  0.048943
0.024  0.140041  0.051088
0.032  0.409043  0.023950
0.040  0.705874  0.152607
0.048  0.435016  0.131914
0.056  0.204972  0.069415
0.064 -0.002809  0.120573
0.072  0.331125  0.095754
0.080  0.390491  0.076940
0.088  0.420174  0.176935
0.096  0.603838  0.129753
0.104 -0.010230  0.114602
0.112 -0.212446  0.071651
0.120 -0.342309  0.063140
0.128 -0.212446  0.043836
0.136 -0.010230  0.031918
0.144  0.012032  0.063620
0.152  0.041715  0.097181
0.160  0.186420  0.098750
0.168  0.204972  0.119080
0.176  0.436871  0.171626
0.184  0.325560  0.086188
0.192  0.362663  0.162704
0.200 -0.091858  0.033871
0.208  0.056557  0.070400
0.216  0.464699  0.102288
0.224  0.307008  0.134954
0.232  0.553748  0.110442
0.240  0.334836  0.156321
0.248 -0.017651  0.045443
0.256 -0.077017  0.051945
0.264 -0.230997  0.073235
0.272 -0.230997  0.031683
0.280 -0.230997  0.066675
0.288 -0.069596  0.097181
0.296  0.160448  0.147671
0.304  0.501803  0.246584
0.312  0.583431  0.132435
0.320  0.234655  0.104551
0.328  0.345967  0.107793
0.336  0.056557  0.087016
0.344  0.130765  0.042305
0.352  0.409043  0.154846
0.360  0.446147  0.149570
0.368  0.479540  0.159417
0.376  0.492527  0.130634
0.384 -0.188328  0.058195
0.392 -0.344164  0.035973
0.400 -0.418372  0.046045