tmw
0.000000     3.666667
0.006667     4.915254
0.013333     9.075758
0.020000    13.869565
0.026667    17.104478
0.033333    21.955224
0.040000    19.828571
0.046667    18.238806
0.053333    15.811594
0.060000    15.797101
0.066667    15.040541
0.073333    14.352113
0.080000    14.726027
0.086667    16.164179
0.093333    14.211268
0.100000    14.876712
0.106667    14.630137
0.113333    13.464789
0.120000    16.541667
0.126667    15.356164
0.133333    15.605634
0.140000    14.893333
0.146667    16.042857
0.153333    17.149254
0.160000    16.027778
0.166667    13.301370
0.173333    14.142857
0.180000    15.072464
0.186667    13.926471
0.193333    16.338028
0.200000    15.366197
Name: counts, dtype: float64