            mean       sem
tmw                       
0.000   1.600000  0.600000
0.008   4.636364  0.823217
0.016   9.285714  0.945949
0.024  19.583333  2.407244
0.032  30.583333  3.038785
0.040  29.153846  4.320266
0.048  27.750000  4.426376
0.056  20.538462  2.170949
0.064  16.461538  2.237831
0.072  22.416667  3.051225
0.080  25.083333  2.908864
0.088  31.181818  3.274747
0.096  29.833333  3.938607
0.104  15.692308  2.199605
0.112   7.916667  1.400532
0.120   5.076923  1.168286
0.128  10.833333  1.627572
0.136  15.076923  2.167539
0.144  14.833333  2.501010
0.152  15.500000  1.986698
0.160  20.076923  2.164579
0.168  21.642857  2.827664
0.176  23.466667  3.036079
0.184  24.833333  2.531119
0.192  23.500000  3.218083
0.200  10.500000  1.959824
0.208  19.846154  1.697835
0.216  23.428571  3.779229
0.224  28.307692  4.580315
0.232  28.250000  3.937244
0.240  27.666667  3.210620
0.248  12.857143  2.104044
0.256  15.384615  1.508686
0.264   9.230769  1.271754
0.272   7.384615  0.937389
0.280   7.583333  1.137903
0.288  15.000000  2.662876
0.296  19.230769  3.136129
0.304  28.642857  4.726134
0.312  31.923077  4.069054
0.320  25.583333  4.236312
0.328  26.666667  2.514604
0.336  20.916667  1.884781
0.344  17.846154  2.401512
0.352  22.076923  3.479724
0.360  24.857143  3.082844
0.368  29.083333  3.451961
0.376  20.357143  2.951266
0.384  13.000000  2.128451
0.392   5.181818  0.871969
0.400   3.400000  0.921352