-2.652
0.748
-0.649
-1.031
1.766
-0.351
0.270
1.351
0.783
1.275
-0.399
-0.785
-0.837
-0.637
0.874
0.678
-0.697
1.409
-0.026
-0.752
0.956
-0.526
-1.388
-2.538
0.364
1.455
-1.528
-1.938
1.029
-1.181
1.806
0.740
-1.681
-1.727
0.127
-2.048
-2.449
-0.503
0.169
-1.552
2.693
-0.732
-0.516
0.493
-0.036
0.514
-0.291
-0.845
-2.037
-0.481
-2.139
2.384
2.326
0.156
0.732
-2.014
-0.599
-2.951
-0.713
1.269
2.353
1.123
-1.253
-2.058
-0.242
1.482
-0.554
-0.973
0.301
-0.231
-0.913
-0.193
-0.297
0.581
0.947
0.078
1.762
-2.269
-2.007
2.206
-0.443
0.457
-0.732
-0.344
0.779
0.151
1.446
-1.928
2.236
-0.898
-2.195
0.137
0.138
-2.739
-0.424
2.838
-0.978
-0.702
-0.854
0.230
-2.368
0.776
1.610
-0.465
1.086
-2.683
-0.530
0.541
1.586
0.239
-1.078
1.581
1.945
3.069
0.166
-1.599
-0.065
-0.945
-1.090
0.621
0.991
-0.456
-1.226
0.752
-0.668
0.355
-2.044
-1.231
-0.143
-2.042
1.990
-0.013
-2.487
2.515
1.548
0.615
-0.354
0.123
-1.630
1.733
-1.814
0.866
0.656
1.273
-1.085
-1.783
-0.453
-0.640
-0.270
0.273
-1.446
0.344
-0.157
0.182
0.117
-1.738
0.589
1.175
-0.075
-1.254
0.049
-0.545
-1.257
2.541
1.497
-0.592
0.052
-1.117
-0.881
2.293
1.159
1.171
0.571
0.097
1.068
0.580
0.857
-1.440
-0.310
-0.524
-0.995
0.011
1.962
0.490
-1.427
-0.126
0.995
-0.924
0.819
-1.360
-0.397
0.656
0.729
0.481
2.874
0.239
-1.810
0.861
-0.962
-1.864
-0.203
1.056
-0.238
-0.054
0.705
-0.319
-0.949
-2.499
-0.665
1.385
3.725
0.736
-1.890
0.579
2.412
2.577
0.983
-2.914
-0.163
1.397
1.062
-0.388
-0.544
-1.666
1.714
0.388
1.452
1.312
-0.081
0.471
0.331
-2.245
1.441
1.386
0.127
1.941
1.696
-1.202
1.977
-0.049
-2.049
0.141
-2.231
0.613
0.514
-1.036
-3.144
-0.825
-2.322
-1.535
-0.432
0.156
-0.502
-1.838
0.519
1.500
-0.513
-2.234
-0.576
-1.699
-1.098
-0.152
-0.451
0.470
-1.828
-1.712
-0.385
0.121
-0.223
-0.001
1.101
0.877
1.841
-1.290
-1.193
0.474
0.457
0.305
-1.627
1.223
-3.065
-0.138
-0.246
-0.354
1.201
-2.544
-0.059
-0.743
0.275
0.589
-0.496
-1.258
0.048
-2.233
1.802
-1.033
0.645
-3.089
-0.059
0.698
-1.058
0.502
-0.642
0.684
0.545
0.330
0.433
0.039
-0.328
-1.059
2.023
-0.896
0.696
0.467
-1.331
-1.503
-0.168
1.251
0.565
-0.488
-0.711
-0.838
-1.132
-0.213
2.200
-1.558
-1.040
1.693
1.414
0.773
-1.283
-0.566
0.625
-1.291
1.532
-2.280
-0.295
2.490
-0.566
-1.408
2.012
1.203
-1.110
-0.746
-1.365
-0.851
0.162
0.619
0.336
0.897
-2.262
1.322
0.862
-0.789
0.366
-1.699
0.813
0.139
-0.067
-1.303
-1.268
1.267
0.398
-0.948
0.024
-0.367
1.331
-2.246
0.141
-1.459
0.120
0.823
-0.068
1.413
1.075
2.333
-0.671
-1.297
1.294
-1.936
-1.469
1.207
-0.785
0.999
1.892
-0.203
-0.143
0.100
0.686
-0.288
-1.193
1.580
-1.982
0.628
-0.348
-0.354
-0.117
-1.655
-1.774
-0.588
2.108
-0.032
0.932
0.549
0.441
1.459
0.359
-0.618
1.022
0.580
0.302
0.845
-0.626
-0.831
-1.729
-1.300
0.108
-1.878
-0.777
1.072
1.849
-0.164
-0.472
-2.542
0.896
1.276
0.995
-0.843
-0.738
1.729
0.832
2.189
-1.608
1.125
0.918
1.674
0.062
0.610
0.123
-0.397
-0.007
-1.813
-0.630
-0.092
-0.498
-1.685
-0.563
0.046
1.419
0.196
-0.210
1.437
0.941
-1.812
0.132
-0.325
-0.221
-0.523
0.749
0.432
-1.657
-1.381
-0.003
-1.760
-1.314
0.850
-0.089
-0.227
0.852
-0.533
-1.092
-0.440
0.461
0.277
1.902
-0.658
1.728
-0.983
-0.464
-2.314
0.402
1.711
-0.385
1.217
-2.305
0.717
0.738
0.101
-1.222
-0.298
-0.921
-0.456
0.496
2.077
0.696
-0.178
1.707
1.414
-0.404
-0.082
1.697
-1.072
0.245
2.618
-0.460
0.125
0.883
0.659
1.129
0.450
-1.270
-1.549
-3.315
0.172
-1.170
-1.706
-0.336
-0.095
0.122
1.764
-1.187
-0.672
-1.062
-0.896
0.065
-1.248
-1.074
1.648
2.788
0.044
1.022
-0.931
-1.180
-1.340
1.584
0.308
-1.142
-0.889
1.404
-0.904
1.188
1.764
-0.691
-1.261
-0.856
-0.538
-0.411
0.973
-0.512
-1.295
2.303
1.230
0.356
-1.635
1.754
1.571
0.425
-1.245
-1.213
-1.868
-1.065
1.221
0.659
-1.825
-0.387
2.230
0.216
-2.340
-2.450
-1.311
-1.599
1.549
-0.465
-1.389
1.731
0.295
1.129
-0.040
-1.113
0.064
2.186
-0.315
-1.923
0.093
0.957
0.729
1.388
0.826
-1.526
0.291
1.672
-2.635
0.142
0.072
0.519
-0.474
-1.890
0.896
2.744
-0.753
-0.258
1.408
-0.417
-1.227
1.483
-2.684
1.231
-0.310
0.143
-1.204
1.922
-1.887
1.761
-1.198
-0.877
3.231
2.699
-0.712
-1.607
0.865
-0.328
0.371
-1.164
0.834
0.993
0.943
-2.693
0.186
1.294
-0.531
0.434
-0.429
0.426
-1.715
1.566
1.985
-0.122
0.417
-0.708
-1.349
-1.094
-0.798
0.914
-0.520
0.947
1.301
0.429
0.077
0.996
-0.298
-2.040
-0.539
1.191
-0.462
1.723
0.549
-0.581
-1.838
-0.876
-0.102
-0.863
-0.509
1.560
-1.404
-0.002
-0.990
-1.076
1.846
1.589
1.233
2.002
1.616
1.587
-3.099
2.888
-0.816
0.093
1.330
-0.730
0.755
2.445
-1.121
1.199
-1.591
2.079
0.926
-2.310
2.044
-1.125
-2.276
0.480
-1.622
1.354
0.781
-0.488
-0.531
1.077
-0.816
-1.116
0.253
-2.456
-0.214
-0.142
-0.892
0.009
0.878
-0.346
-0.731
-0.684
-0.486
1.201
-0.555
0.377
1.903
-1.172
3.046
0.308
0.731
0.631
1.974
-0.984
0.615
0.315
2.085
0.092
-3.409
2.958
0.071
-1.478
-0.974
0.469
1.428
-0.170
-1.909
0.339
1.424
0.712
-0.213
-2.068
-0.393
0.719
0.954
-0.172
0.633
-1.983
-3.466
-0.489
-0.804
3.286
0.787
-1.154
0.007
0.066
-0.709
-0.249
1.748
-1.589
1.910
-2.507
1.348
-1.921
1.897
-0.922
2.138
-1.814
1.742
-0.497
-0.320
1.263
0.917
-0.880
0.356
-0.647
-2.015
0.576
0.700
-0.906
-1.807
-0.128
-1.185
-1.262
1.094
0.537
-1.360
-1.342
1.408
-0.998
1.542
-0.818
3.110
0.619
1.410
1.020
0.616
-0.729
0.683
0.377
0.124
1.358
0.907
-0.203
-0.646
-0.405
-1.133
1.758
-1.134
1.017
1.371
-0.051
1.338
-0.504
-0.612
0.314
-0.151
1.010
2.421
-0.645
-0.701
1.226
0.782
0.339
-0.321
0.000
1.073
-0.053
1.413
-1.244
0.257
-1.254
-1.367
-1.342
-0.169
1.524
-1.186
1.217
-0.179
-1.129
2.505
-1.781
-1.468
-0.116
-0.168
-0.764
1.035
-0.325
-0.442
-0.563
0.549
2.973
0.311
-0.096
-2.396
0.019
-0.508
-0.985
-1.022
-0.645
-0.379
-1.296
1.129
-2.606
-0.207
-0.387
-0.298
-1.494
0.099
-1.219
0.098
-2.597
0.160
1.372
-0.537
0.047
2.098
1.078
-1.053
-0.136
-0.181
0.178
1.336
-0.951
-2.184
1.148
-0.663
1.237
2.092
-0.734
-0.327
-0.587
-0.773
-0.150
-1.133
0.371
2.212
-0.705
-0.653
1.979
1.082
-0.238
0.362
2.348
0.337
-0.100
1.502
-1.913
-0.740
1.514
1.886
0.822
1.690
-1.012
-0.554
1.270
0.100
-3.074
1.952
-0.633
-0.672
1.551
-0.292
0.590
-0.657
-0.270
0.587
-0.560
-1.952
1.039
-0.786
-0.226
0.108
-0.586
0.342
-0.334
1.489
-0.857
-0.081
-2.208
1.991
0.615
-0.229
-0.055
1.052
0.383
-0.202
0.682
-0.650
1.148
-1.145
-0.951
0.075
2.331
0.974
-0.304
-0.355
1.148
1.689
1.251
2.267
-0.267
0.909
-2.195
-1.394
-1.871
2.443
-0.217
0.209
0.353
0.479
-1.818
-2.817
1.722
0.090
-0.005
-1.537
-0.223
0.845
-0.454
0.597
-0.326
1.849
0.349
0.448
0.211
1.619
-0.798
0.086
-0.480
0.859
-0.017
-1.442
-0.009
-1.020
-0.543
-0.573
-1.061
-0.194
2.205
-0.152
1.445
-0.844
0.201
0.565
0.552
1.394
0.661
0.340
0.108
0.450
0.792
0.741
-0.769
0.723
-1.770
0.574
-0.364
-0.275
0.403
0.767
0.151
0.766
-1.084
-0.872
0.354
1.019
0.447
-1.300
-0.119
1.853
0.229
-1.590
0.937
2.502
0.160
-1.106
1.875
-0.606
-1.265
-0.000
0.243
1.228
-0.473
-0.584
-0.775
-0.408
0.029
2.065
0.332
-0.720
2.486
-0.397
-3.374
-2.522
-0.002
-1.360
0.229
0.778
0.681
-0.580
0.107
-0.495
-0.605
0.797
-2.635
1.338
-0.620
3.086
-0.362
0.917
-0.893
-1.548
-0.490
0.173
-0.394
-0.114
1.394
2.231
-0.632
1.803
-1.092
0.916
0.746
0.728
-1.176
1.121
-1.039
-1.713
1.093
0.119
1.650
3.096
-0.355
1.115
-1.487
1.258
-0.566
-2.316
0.041
0.780
0.660
1.925
0.879
0.384
1.703
0.552
-0.616
1.684
2.616
2.666
-1.398
1.100
-2.096
0.500
1.302
1.498
0.763
-1.528
-0.159
0.089
-0.048
0.624
-1.261
-2.931
0.260
-0.182
2.070
-3.229
-2.122
-0.003
0.369
0.175
0.302
-0.093
-0.657
0.509
1.108
2.189
2.014
-1.213
1.627
1.318
0.187
-0.525
0.006
-1.434
-0.450
-3.631
0.454
2.608
-0.270
1.510
1.617
1.467
-1.986
1.697
0.182
0.897
2.057
-0.102
0.158
1.166
-0.806
-2.842
-1.454
-1.383
0.114
-2.974
-0.600
-0.175
1.278
0.410
2.363
1.501
0.289
0.464
0.714
-0.921
0.106
1.105
0.715
0.822
0.782
1.216
1.668
-0.520
-0.623
0.291
-0.529
-0.063
-1.290
-2.040
0.328
1.231
3.623
-0.529
-0.991
0.338
0.218
0.846
-0.967
0.583
0.826
1.298
0.918
-0.359
1.447
0.551
-0.991
0.122
0.158
-0.462
2.040
0.302
-1.725
-0.187
1.162
-0.652
-0.103
-1.444
-1.466
-0.149
-2.300
1.748
-1.363
0.274
-0.763
-0.245
0.235
0.666
1.449
1.974
1.986
0.980
-1.996
-1.529
1.841
-0.847
2.073
0.626
-0.676
-0.127
1.203
0.324
-0.100
-0.743
1.077
1.882
0.110
-0.734
0.109
-0.449
-0.510
-0.262
-0.626
-0.514
-0.265
-0.710
0.596
0.495
-0.550
-2.816
1.965
1.561
0.327
-0.935
0.151
-0.647
2.190
-1.827
0.472
-0.079
1.706
-0.485
-0.044
-0.586
-1.204
2.978
0.330
0.557
2.362
-0.024
0.285
2.351
1.659
0.501
-2.450
0.313
0.749
0.249
2.719
1.438
0.323
-0.285
2.487
1.388
0.812
-0.852
-0.636
0.747
-1.164
-0.397
1.327
0.530
0.072
0.631
-3.737
-0.647
-0.034
0.411
3.329
0.197
0.510
0.334
1.193
-0.046
-1.901
-2.178
0.411
1.062
1.121
0.252
0.892
-1.545
0.074
0.294
-0.567
2.297
-1.071
1.064
-0.881
-0.346
-1.849
-0.574
-0.100
1.159
-0.315
2.826
0.222
0.266
1.115
-1.402
-0.768
-2.151
-1.652
-0.670
1.175
0.085
0.460
-0.480
-0.274
-0.861
-1.836
-0.646
-2.305
1.699
-0.383
-0.243
-0.058
-1.128
-1.737
-0.982
-1.445
-0.396
-0.438
-1.788
0.109
3.399
-0.290
-0.545
0.173
-1.271
1.135
-0.137
0.907
0.607
2.941
0.288
-1.236
0.906
1.088
0.259
1.185
0.946
1.653
0.030
1.098
-0.173
0.312
-0.431
0.552
0.785
-1.035
1.468
0.691
-0.020
-0.063
-0.092
-0.718
0.652
-0.548
-1.312
-0.607
0.757
1.216
-0.732
-0.761
2.058
0.286
-1.757
-1.662
0.707
0.529
-0.527
0.942
-0.359
0.293
-1.173
-0.032
-1.716
-2.055
0.837
0.454
-0.146
-0.124
1.558
1.228
-1.035
0.672
-1.955
-0.503
2.024
1.860
1.118
-0.644
-0.749
1.197
0.468
1.824
0.959
-1.629
-1.693
-1.700
-3.784
-0.869
1.681
0.327
-2.042
1.607
0.136
0.321
0.443
0.117
-0.178
-0.981
0.128
-1.645
1.221
-2.104
-0.212
-0.527
-0.006
0.351
0.087
1.539
-0.505
-0.563
0.756
-0.828
-1.132
-0.896
1.238
-0.087
1.347
-0.752
-0.903
0.133
-1.836
0.767
-1.120
0.664
0.468
-1.153
-2.138
-0.625
-0.909
0.042
-1.174
-0.040
4.462
1.079
-1.351
0.117
-0.560
-3.173
0.321
-1.197
-1.772
-0.557
0.989
-0.899
0.763
0.676
0.986
1.201
-2.722
1.074
-0.569
-1.254
-1.390
-0.381
-1.598
1.001
2.229
-0.194
-1.275
-0.580
0.272
0.811
1.475
1.657
-0.038
-1.474
1.804
-1.089
0.620
-2.345
-0.346
-0.732
0.210
0.810
-0.568
-0.588
1.575
-1.832
1.286
0.391
-0.170
-0.603
1.249
-0.393
-0.105
-0.901
-1.362
-1.021
-1.423
0.570
1.638
-0.789
-1.491
-0.946
-0.176
0.847
-0.644
-0.933
-3.568
-1.762
-1.023
0.576
-3.531
2.204
2.058
-0.933
1.273
1.054
-1.138
-0.144
0.259
0.500
-3.726
1.054
0.078
-1.053
-1.313
-0.003
-0.018
0.618
2.705
-0.137
0.809
2.171
-2.478
0.020
0.328
0.366
0.549
-0.184
1.992
-0.946
-2.287
-1.491
0.460
0.066
0.049
-1.302
0.668
0.109
0.422
0.487
0.580
-2.395
-1.137
-0.676
1.789
0.561
0.177
-1.796
-2.172
0.471
-0.027
-0.354
0.610
0.429
-2.585
1.503
0.610
-1.207
0.705
1.116
-3.170
0.096
0.101
0.678
-0.177
0.426
0.032
-0.432
-0.979
-1.050
-0.697
0.340
-0.665
-0.702
-0.331
-3.227
1.382
2.331
0.155
-0.787
-0.177
-1.134
-0.149
-1.421
-0.319
-0.256
-0.004
-0.583
-2.820
-0.509
0.197
1.949
0.224
-0.937
0.263
-0.203
0.954
-0.754
-0.514
-0.328
-0.367
-1.700
-2.001
0.949
-0.137
0.556
2.564
1.542
1.149
1.022
-0.314
0.197
-1.471
0.191
-1.533
0.505
-0.683
-0.920
2.844
-0.065
2.119
0.383
0.938
-0.217
1.698
1.971
-0.918
-0.429
-2.334
-0.361
2.310
-1.664
0.328
0.926
2.141
-0.102
3.493
0.600
-1.524
0.131
0.196
-1.154
-3.015
-0.281
-0.516
-0.457
1.411
-2.665
1.333
0.237
-0.557
0.678
0.492
1.964
-1.452
0.358
-0.119
-0.919
-0.396
0.233
1.025
-0.475
0.345
0.829
1.700
0.055
1.934
1.142
1.420
1.182
0.712
-1.330
-0.196
-2.086
-0.190
-0.420
1.665
0.384
-1.189
0.516
2.430
-1.480
-0.500
0.755
-1.595
-1.925
-1.695
-0.827
1.570
-1.393
-0.243
-0.528
1.798
-1.732
1.437
-0.244
1.171
-1.861
-0.069
-1.754
0.260
-1.073
1.844
-0.066
1.523
-1.805
-0.523
-0.483
-0.220
2.101
0.022
0.294
-1.761
-0.754
-0.823
2.120
-0.526
1.051
-0.156
1.906
0.774
1.975
0.415
2.352
1.096
0.113
-0.558
-2.748
-1.351
2.264
1.714
-0.592
-0.250
-0.332
-0.199
1.543
0.043
-0.526
-0.299
1.600
-0.693
-0.580
0.232
-2.126
-0.776
0.710
-0.200
0.165
0.813
-0.881
0.296
-1.047
1.781
1.272
-0.202
-0.535
-0.610
-0.771
-0.927
1.182
-0.133
-0.202
0.734
-0.588
0.280
0.773
1.275
-0.059
1.283
-0.414
1.551
-1.285
-2.959
-0.347
-2.000
0.526
-0.283
0.990
0.080
-0.603
0.963
-1.669
3.123
1.185
0.449
-0.783
1.427
-2.831
1.759
-0.426
0.762
-2.046
0.445
-0.304
0.641
-0.315
-0.783
-1.824
-0.748
-0.953
-1.685
1.961
0.248
-0.374
-2.161
0.017
-1.195
-2.087
0.792
0.683
1.884
1.137
-0.937
0.990
-1.000
1.624
1.134
1.761
1.508
0.451
1.063
1.483
1.462
-1.455
1.364
-0.021
1.470
-0.166
0.686
0.428
-0.358
-0.563
-0.303
-0.547
0.969
-1.575
2.035
0.094
-0.298
0.394
-1.610
0.341
2.304
0.848
-2.224
-1.437
0.073
0.359
-1.130
-2.804
-0.980
-0.773
0.438
-0.081
-0.940
-0.725
1.079
-0.764
0.131
-1.007
0.167
1.054
1.769
2.665
1.547
-1.583
0.777
1.779
-0.433
-0.010
0.786
2.840
-0.698
0.427
0.207
1.311
1.117
1.538
1.741
-3.540
1.328
0.276
-1.029
-2.067
1.517
0.790
0.172
-0.813
0.854
0.489
-0.157
0.999
0.333
1.876
-0.960
-0.505
-0.183
0.750
-1.418
-1.375
-0.835
-0.553
-2.245
-0.139
0.953
-0.253
-1.237
-2.020
-0.321
-1.511
0.351
0.420
0.881
0.979
0.389
-0.853
-0.519
1.431
-0.810
-0.213
2.795
-1.225
-1.133
1.178
-1.130
0.452
-1.455
0.862
-0.487
-1.437
0.009
1.625
0.166
1.248
-1.764
-1.546
-0.048
1.137
0.461
0.442
1.410
0.541
2.267
-1.973
-0.030
-1.324
-0.189
-1.143
-0.245
-0.132
-2.124
-1.544
2.949
-1.867
0.605
-0.127
-0.800
2.346
-1.657
0.793
-0.614
-0.087
1.456
0.443
0.574
-1.383
1.743
2.225
-0.398
0.708
0.116
-0.032
-0.881
-1.050
2.972
-0.265
3.050
2.039
0.852
-0.165
-1.101
-0.776
-0.728
-1.596
1.282
-1.721
-0.261
0.139
0.273
0.609
2.167
-1.094
0.672
-0.416
-1.978
0.763
1.076
-0.858
-1.099
0.058
1.913
0.426
1.797
-0.209
1.161
1.067
0.936
0.077
-1.744
-1.143
-0.184
0.854
-0.659
0.667
1.168
-1.545
-1.157
-0.325
0.767
1.388
-0.243
-0.309
-0.715
-0.810
-0.152
-1.880
-2.111
2.289
1.462
-0.616
-0.914
-1.341
-1.942
0.373
0.266
0.687
-1.027
0.027
-1.093
0.105
-1.064
0.199
-0.139
-0.900
-1.506
-0.780
-1.763
-2.809
1.345
2.344
-1.032
-2.660
0.356
0.485
2.204
-1.666
1.181
0.928
-0.237
1.346
0.269
0.090
0.095
-0.168
-0.633
1.264
0.092
-1.807
-1.906
1.438
0.671
-0.205
0.698
0.593
-2.221
1.392
-1.126
-0.526
-0.337
-1.415
-1.212
-1.066
-3.658
-0.705
2.066
0.945
-1.507
-0.328
-0.900
-1.687
-0.830
0.924
0.781
0.296
1.537
0.385
-0.094
1.038
0.582
-0.388
-2.481
-0.651
-1.502
-0.422
-0.466
1.430
-1.558
-1.631
-0.435
-0.612
-1.147
-0.278
-0.543
-0.523
0.345
1.407
-0.644
0.701
1.045
-0.257
1.092
0.259
0.153
-0.232
0.452
0.948
0.115
1.158
-0.086
-0.239
2.870
-1.093
-0.465
1.988
-0.522
0.524
2.414
-1.396
1.455
0.562
0.300
-0.621
0.338
0.126
0.696
1.288
-1.325
0.708
-0.404
-1.680
0.703
-0.241
1.546
-0.437
3.620
0.971
-1.014
0.251
0.201
0.825
0.379
0.399
1.531
0.443
1.301
0.838
2.844
1.721
0.276
0.723
0.262
1.341
-0.771
1.235
-0.955
0.358
0.653
-1.213
1.364
-1.757
2.075
0.599
1.120
-1.683
1.142
1.374
-0.897
-0.873
-0.744
-1.623
-0.592
-2.074
-0.517
-1.370
-1.152
-1.502
-1.346
-0.137
-0.358
-0.588
2.956
0.011
-0.597
-0.142
-0.411
-1.036
-0.837
-0.071
0.389
0.490
1.988
0.976
-0.103
-2.615
-2.182
1.399
-0.655
0.858
0.701
-0.378
-1.074
-0.182
1.376
-0.607
0.366
0.922
-1.332
-1.669
-0.532
-0.530
-0.737
-0.128
1.076
-1.844
-0.286
1.131
-0.667
0.269
-0.168
-0.972
0.169
0.532
-0.468
-1.996
-0.229
-0.793
-2.396
-0.883
2.444
-0.985
1.893
-1.555
0.784
-0.085
-0.220
1.680
-0.068
1.056
1.144
-0.485
-1.043
-0.300
1.188
-3.968
-2.234
1.001
1.395
-0.402
-0.648
0.484
-0.053
0.498
-0.734
0.090
0.156
-1.685
0.381
0.707
-1.092
0.439
0.711
0.252
-0.618
0.304
1.083
0.464
1.501
-3.007
1.804
-0.602
-1.400
0.763
0.756
-0.618
-0.192
0.792
0.395
-0.479
0.415
0.384
0.508
-0.317
-1.369
0.673
0.129
1.252
-0.182
-0.790
2.011
1.144
-0.180
-0.235
-0.256
1.516
0.103
-0.399
-1.082
0.603
0.742
1.785
1.037
0.867
-0.474
1.951
0.497
-1.147
-0.437
0.500
1.327
-1.338
1.699
-0.447
0.158
-1.807
-0.510
1.257
-0.168
-2.403
0.363
-1.475
1.063
-1.694
0.209
0.062
0.762
-0.547
-1.099
-1.384
1.606
1.943
0.043
-0.630
-1.252
0.201
-1.962
0.628
0.254
0.020
-0.421
1.619
1.142
0.944
-1.646
1.072
-0.437
-0.166
0.753
1.653
0.371
-3.138
0.047
0.326
-0.333
-1.620
-1.829
1.699
-0.235
3.500
-2.527
-0.985
0.225
1.606
-2.225
-0.425
0.488
-1.084
-1.160
0.197
2.838
-0.778
-2.322
0.165
0.216
-0.014
-0.155
1.089
-1.290
-0.425
-0.698
0.084
0.394
-0.142
-0.707
0.125
2.172
-0.306
2.195
0.600
1.992
-0.246
-0.768
0.509
-0.765
1.487
-0.683
-0.879
-0.429
-1.851
0.967
1.117
0.408
-2.285
1.058
1.305
1.106
0.320
0.007
-1.125
1.192
-0.208
1.167
-1.731
-0.466
0.068
-0.614
1.912
-0.022
0.551
0.015
-0.641
-0.171
-2.009
0.291
1.295
1.930
-0.330
0.606
1.224
2.621
-2.291
-1.268
-0.738
0.463
-0.564
1.385
1.982
0.076
-0.963
1.185
1.690
-0.121
-0.856
1.952
-1.322
-0.767
-0.562
1.476
1.508
1.491
0.295
-1.076
-1.862
0.979
-1.635
-1.940
0.021
-0.315
1.196
1.490
-1.393
0.119
-0.620
2.286
0.169
-1.640
-0.216
0.602
-1.257
-0.582
0.044
-0.036
2.363
-0.480
-0.457
-1.457
1.672
-0.854
0.058
-0.473
0.995
0.472
1.053
-1.667
0.556
-0.523
0.937
0.095
0.196
-1.217
-0.100
-1.285
-1.237
3.085
-0.330
0.634
1.038
1.267
-0.413
0.853
0.785
0.244
0.016
0.486
-0.500
0.817
-0.222
-2.108
1.400
1.234
2.461
0.002
-0.303
-0.679
1.327
0.293
1.024
-2.156
0.142
0.538
-1.826
-1.111
-1.386
1.349
0.274
-0.049
-0.391
-1.865
0.268
0.680
0.722
-0.955
1.370
-1.336
-0.027
1.072
0.022
-0.167
-0.443
0.153
-1.926
0.644
-1.752
0.633
-1.194
-0.677
-0.796
-1.865
0.413
-0.225
1.358
2.111
-0.421
0.049
-1.797
-1.607
-1.480
0.276
-1.532
2.287
-0.443
0.458
0.395
1.201
1.069
1.249
-1.928
2.281
1.562
0.684
0.650
-1.760
0.772
1.092
-1.621
-1.854
-2.098
1.227
0.055
-0.722
0.853
-1.524
-1.567
0.427
1.074
-1.073
0.931
-0.304
0.277
0.301
-0.814
2.032
-0.331
0.337
0.663
-0.713
-0.472
-1.966
0.384
0.604
0.431
-0.683
-1.956
1.109
-0.346
1.096
0.456
-2.730
0.154
1.444
-1.634
1.283
-1.116
-1.334
0.900
-0.284
1.434
-0.631
-0.280
-1.982
-1.571
-0.900
-0.202
0.709
0.007
-0.472
0.991
1.664
-2.056
-1.421
-0.318
1.078
1.196
-0.219
1.179
3.189
-0.871
-1.018
-0.525
-1.184
0.244
0.856
-0.847
-1.069
-0.003
-0.874
1.455
-0.250
0.917
2.019
-0.541
0.851
-2.513
-0.168
-1.331
0.199
-1.151
0.285
-3.214
1.208
-0.710
1.941
0.390
0.882
3.340
-0.452
-0.478
1.589
0.350
-1.887
1.554
-4.130
1.897
1.974
-1.984
0.601
-0.162
-2.543
0.372
0.564
-1.406
0.241
0.474
-0.099
0.512
-1.173
-0.582
-0.689
0.205
-0.656
-0.511
-1.061
0.653
-0.087
-0.606
0.610
0.186
-0.394
3.368
-0.429
-0.130
-0.479
0.588
2.398
-0.594
0.005
-0.375
-0.251
0.588
-0.187
1.413
-1.627
-0.401
0.231
0.822
0.805
-1.105
0.034
-0.675
-0.143
0.100
0.912
-0.838
0.407
1.750
0.684
-0.038
-1.068
-0.168
1.627
1.726
-0.142
-1.183
-0.110
-1.073
-1.290
-0.237
-2.002
-0.653
0.029
-0.418
-0.970
0.420
-0.116
-0.189
-3.043
2.037
1.052
-1.146
-0.043
-1.076
0.408
-0.067
-0.628
0.145
-1.248
-0.860
-1.150
-0.970
-0.891
-0.467
-0.823
0.308
0.608
-1.347
-0.472
0.389
1.291
1.909
0.290
0.369
-0.160
2.268
0.092
0.763
2.243
3.442
2.101
1.144
-0.198
1.284
-0.294
-0.391
1.517
0.146
2.990
2.056
0.614
-0.233
1.035
-1.743
-0.080
-0.199
0.819
-0.278
-0.750
-1.137
1.225
0.397
1.687
1.696
-1.693
-0.868
-0.871
-2.066
1.268
0.602
-0.156
-1.553
-0.338
0.934
0.295
-1.125
-1.804
-0.622
1.332
0.467
-0.459
0.241
0.392
-0.538
0.259
-0.397
-0.073
0.016
-0.549
-1.579
1.364
-1.860
-2.918
1.885
-0.548
0.208
-1.407
-0.467
0.700
-0.413
1.005
-0.822
-0.592
-0.973
1.182
0.262
-0.181
0.353
-0.107
0.644
0.971
-2.803
1.572
0.191
1.472
-1.900
2.384
0.173
1.871
-0.361
-0.032
-1.400
-1.523
0.408
-1.147
0.310
1.181
0.628
-0.060
0.590
0.150
-0.843
-0.502
-2.405
0.529
0.483
-0.016
0.951
-2.304
-1.274
-1.015
-0.650
0.150
0.684
-1.063
-1.575
0.073
0.860
2.460
-0.567
-0.377
-1.124
-0.806
-1.330
0.369
-0.051
-0.722
0.298
0.891
-0.321
1.898
-1.237
-1.008
-0.460
-1.332
-0.532
0.344
-0.494
-0.562
-1.476
-0.340
-0.125
-0.272
1.391
1.200
-2.344
-0.495
-1.175
1.366
-1.276
-0.904
-2.352
0.876
-0.929
0.659
-0.873
-1.967
0.616
0.279
0.527
1.113
0.856
-0.651
-1.434
-1.209
-1.168
0.149
0.312
2.100
-0.460
0.711
0.292
0.783
1.571
0.073
-1.188
0.370
-0.818
-1.023
-1.001
-0.332
-0.588
-2.466
-0.827
2.781
-0.328
-0.698
1.612
0.171
1.166
-3.071
-0.497
-1.549
-1.416
-1.612
-2.027
-0.231
-0.422
-1.471
-0.492
-0.387
-0.633
-0.591
1.534
0.956
0.580
-0.594
0.189
-0.123
-0.723
-1.070
1.583
0.038
-1.284
-2.013
-0.693
1.390
0.535
-0.958
0.777
-1.605
-0.401
0.984
0.576
0.187
0.271
-2.638
-0.099
0.959
-1.108
0.586
0.628
-1.507
-0.598
2.195
0.604
0.975
-1.430
1.494
-0.556
0.837
-0.058
-0.459
-0.515
0.961
0.515
0.679
-2.121
0.012
-0.111
-0.167
-0.420
0.328
-1.039
-1.781
1.368
-0.492
-1.197
-1.798
1.424
0.807
-1.352
-1.760
1.454
-0.994
1.832
-0.181
-0.144
1.856
0.145
-0.058
-1.294
0.435
-0.476
-0.345
-2.269
1.022
-1.101
1.372
-1.290
0.332
-0.047
0.087
-0.219
-0.597
-0.698
-0.645
-2.938
1.822
-1.849
2.273
0.241
3.490
0.336
0.860
-0.123
-1.947
0.640
-0.719
1.539
-1.712
-1.384
0.741
-0.204
-1.712
0.903
-0.911
-0.342
1.016
0.104
-0.716
-2.354
-2.166
0.832
0.648
0.052
-0.725
-0.795
0.152
1.276
-0.822
-2.032
0.370
1.290
1.609
-1.655
1.372
-0.190
-0.633
0.344
1.827
0.966
-0.592
0.174
-1.629
2.018
1.625
-0.923
-0.106
-0.149
0.257
1.375
1.229
-2.290
-0.217
-0.131
1.580
-2.242
-0.677
0.932
0.363
0.168
-0.101
1.004
-0.306
0.717
-1.100
0.882
-0.051
-1.121
-2.024
-0.319
-0.301
0.590
0.021
-0.800
-0.584
1.542
1.599
-1.125
0.434
1.229
1.254
-0.024
0.007
0.045
0.068
1.459
0.147
2.476
-2.596
1.155
0.927
-1.066
-0.234
0.624
-0.411
1.663
2.265
-0.083
0.909
-0.034
1.124
-1.141
-1.195
-1.291
-0.454
-1.507
0.524
-0.700
-0.402
0.256
1.443
1.644
-0.785
-0.911
0.609
-0.767
0.844
-0.314
-0.606
-2.500
-1.980
-1.744
-0.971
-1.335
-0.308
-2.972
-0.080
-0.816
0.035
-0.940
0.519
0.771
0.635
1.133
-0.183
0.006
2.218
-1.349
-2.310
0.914
0.143
-0.968
-0.017
0.958
1.246
-0.635
-0.503
1.088
-0.600
-1.304
1.677
0.323
-0.218
-0.439
-0.660
1.625
-0.493
-2.280
2.002
-0.112
-1.045
-2.576
-0.105
-2.736
2.593
-0.234
0.358
-0.342
0.116
-2.059
2.095
1.140
-1.569
1.796
-1.129
-0.933
1.986
-0.511
0.093
0.148
1.058
-2.663
-2.443
2.356
-1.797
0.616
-0.743
-2.716
1.079
-1.655
-0.444
0.654
1.512
1.200
2.039
-1.042
-0.978
2.968
0.633
2.591
0.637
-0.481
2.171
-1.040
-1.267
0.265
0.740
-0.245
1.501
-1.260
-1.136
-2.480
-1.714
-0.859
-0.371
-1.482
-0.926
-0.447
-1.888
0.080
0.077
-0.870
-0.305
-2.165
2.804
-1.320
1.109
1.244
-2.318
0.284
-1.663
0.600
-0.382
-0.187
-1.018
1.361
0.072
1.268
1.333
-0.302
0.969
0.896
-0.923
-3.251
-0.428
-0.511
0.676
0.409
-2.086
0.126
-1.048
0.319
2.498
0.819
-1.190
-1.463
-1.475
-0.259
-0.517
0.122
1.556
-2.454
0.124
1.435
0.790
-1.484
-0.402
0.230
-0.445
-0.232
0.916
1.389
-0.385
-0.366
-1.314
0.934
-0.985
0.053
-0.531
0.493
-1.392
0.371
0.972
-0.591
0.686
0.659
-0.048
0.394
-0.590
-0.468
0.031
1.724
-0.818
-1.842
-0.896
-1.008
0.764
-0.107
0.692
0.032
-0.000
-0.152
0.776
-1.887
-1.732
-0.253
-2.504
-0.954
0.643
0.231
2.157
-1.032
0.016
1.274
3.542
1.492
-1.209
-2.865
2.230
-0.727
1.104
-0.254
-1.668
-0.538
-3.138
0.973
-1.019
-0.697
-1.454
-0.637
-0.346
-0.217
0.133
-0.465
1.909
-0.745
2.535
-0.625
-1.497
-0.439
-1.821
0.387
-0.960
1.273
0.182
-0.113
-0.174
-0.188
-0.731
-0.675
-1.905
-0.613
-0.158
0.418
-1.366
0.245
-0.135
-0.730
-1.286
-1.526
-1.239
0.868
-0.988
-1.375
1.442
0.222
0.025
0.723
-0.546
-0.832
0.897
-1.965
-1.289
-0.231
0.259
0.562
1.615
-0.237
0.585
1.662
-0.915
-0.538
-0.775
0.443
-0.566
0.275
2.320
-0.676
1.488
0.860
-0.702
-0.633
-1.137
2.550
-0.448
0.209
-2.445
-1.328
-1.860
0.972
-0.731
0.375
0.350
1.929
-1.932
-1.399
-2.181
0.256
1.317
0.309
1.158
0.643
0.943
-1.065
-0.778
-1.902
1.158
-2.392
-1.023
0.081
-1.003
-0.025
0.988
-2.244
0.914
-0.788
0.504
-0.059
1.644
-1.035
0.646
0.549
4.006
0.373
0.781
0.831
0.624
-1.867
-1.608
1.075
0.912
0.927
-1.385
0.046
-0.748
-2.001
0.543
1.223
-1.868
0.257
-0.023
0.233
1.092
-0.559
-0.468
-0.796
-1.244
-2.110
0.178
-2.404
-0.241
0.805
-1.469
0.476
1.644
-0.546
-1.654
0.656
0.534
1.726
0.947
-1.434
-0.667
-0.852
-0.545
-1.074
-1.771
-1.705
1.893
-0.673
0.211
0.766
-0.991
-1.213
0.135
-0.003
-1.475
1.197
1.156
0.430
-0.900
0.238
0.321
-1.237
1.215
1.248
-0.523
-2.399
1.126
-0.753
1.062
1.810
-0.852
-0.806
0.573
0.850
-1.357
-0.709
-1.256
-0.924
1.039
0.998
-1.736
1.585
-0.895
0.251
0.240
-1.515
-0.103
-0.396
0.109
-0.314
-0.731
-2.027
0.047
0.520
-1.267
-1.504
1.428
-0.336
-0.888
-0.627
0.514
0.156
-1.488
0.205
-1.290
-1.428
-0.344
0.674
-2.851
-0.028
0.415
-0.093
1.114
0.214
0.399
-2.942
-0.833
1.507
-0.608
0.670
-1.076
-1.821
-0.609
0.464
2.757
-0.026
-0.679
1.932
0.313
1.966
-2.370
-0.961
0.452
-1.890
0.760
2.227
-0.318
-0.254
0.792
-1.697
-0.092
-1.759
-0.022
0.228
1.334
0.012
2.518
-0.523
-0.105
0.586
1.685
0.099
0.893
1.166
-0.543
-0.449
-1.019
-1.293
0.119
-0.695
-0.151
-1.763
-1.826
-1.012
0.513
-1.071
0.209
-0.958
0.180
0.776
1.878
-0.595
-0.468
1.016
0.611
2.883
-1.149
-1.035
-1.383
1.156
2.435
0.652
-1.102
-0.174
3.097
-0.510
0.824
0.972
-1.758
1.757
0.402
0.930
-0.563
0.885
0.071
-0.576
-0.527
2.692
-0.521
-0.773
-1.242
0.614
2.167
0.916
-0.965
0.129
-1.167
-0.381
-1.562
0.622
-1.012
0.771
0.102
-0.686
-1.462
0.812
-0.993
2.402
-1.158
0.083
-3.671
0.756
-2.894
0.687
0.986
1.186
1.081
-1.204
-0.615
0.912
0.677
0.461
-0.469
0.169
-1.247
-0.767
-1.101
-0.043
-0.842
0.581
-1.860
-2.048
-0.782
0.528
-0.284
-0.286
0.778
0.733
-0.350
-1.033
1.383
0.552
1.187
1.260
-1.281
-1.403
-1.400
1.715
0.539
1.313
0.911
-1.205
0.010
-1.179
0.217
0.452
1.192
-1.375
-1.008
-0.272
-0.318
1.328
-0.193
-1.357
0.322
-0.196
-2.327
-0.906
-0.902
0.877
0.075
-0.048
0.338
-0.701
-0.158
-2.212
-0.681
-0.219
2.104
-0.495
1.492
-0.725
-1.923
1.894
0.109
-1.186
0.051
0.071
-2.860
0.310
0.993
1.987
2.072
-0.517
1.949
1.885
0.668
0.865
1.199
-0.540
2.467
-1.971
-1.089
0.929
-1.302
0.401
1.038
2.479
1.606
-1.589
-0.823
-1.394
1.003
0.197
0.647
0.162
-1.226
1.416
-1.433
0.092
-0.639
-1.866
-0.541
0.554
0.211
0.990
-0.289
-0.760
-1.523
-0.034
1.592
0.311
-0.054
1.251
0.191
-0.590
1.397
0.847
0.160
-0.159
0.721
0.006
2.432
-1.242
-0.530
0.003
-0.090
-0.527
-0.201
0.964
-1.782
1.369
0.792
1.660
-0.756
-0.475
0.061
-1.069
0.791
-0.470
0.957
0.040
-0.545
-0.973
0.469
-3.058
1.133
-1.317
0.434
-0.657
-0.037
-0.996
-0.625
0.889
0.727
-0.170
-1.174
1.817
1.744
2.973
-2.922
0.622
0.766
0.943
-2.240
1.904
-1.517
-1.741
-1.299
0.107
-0.503
1.676
-0.008
1.089
-1.989
1.936
-1.668
-1.064
1.639
0.514
1.477
-1.001
0.118
-1.251
-0.555
-0.339
0.280
0.578
0.816
0.662
-0.061
-0.386
1.264
-0.747
-0.658
-0.356
0.171
0.451
-0.919
1.852
-0.946
1.039
-0.588
0.216
-2.751
0.005
1.106
1.990
-1.053
0.243
0.882
-0.303
0.491
0.533
-0.946
1.414
1.425
-1.755
-0.625
1.643
0.171
2.645
-1.374
1.389
1.728
-0.599
-0.524
-0.060
-0.643
1.203
-1.278
-1.019
0.532
-1.600
0.752
0.531
-1.406
0.949
-0.166
0.703
1.345
1.989
1.656
-2.157
1.240
1.770
1.442
1.509
-1.244
-1.214
0.930
2.946
-0.573
1.819
-0.836
-1.922
-0.645
1.916
-1.173
-1.499
-0.996
1.819
-0.144
1.051
-0.484
0.013
-1.550
0.384
-0.490
0.511
1.487
0.066
-0.143
-0.841
-0.472
0.344
-0.938
-0.013
1.359
-0.523
-0.665
-0.263
-0.348
0.453
0.756
-1.038
0.845
-0.010
0.526
0.054
1.126
-1.221
0.965
-0.704
0.114
0.465
-0.551
1.667
-2.251
0.979
-0.228
0.404
-0.121
1.950
2.279
1.919
0.805
-0.709
1.116
1.425
-0.167
-0.011
-1.686
0.527
-1.801
3.456
1.475
1.049
-1.114
0.513
-1.470
0.603
0.518
0.889
-0.599
-0.587
0.150
-0.715
-0.259
-1.571
-0.247
-0.849
-0.475
-1.002
-1.613
1.094
-0.142
2.607
-0.631
-0.367
0.918
-0.393
-1.311
0.287
1.311
-0.341
-0.472
0.514
0.109
1.358
-0.915
1.782
1.764
0.831
0.040
-0.547
-1.017
-2.326
1.372
-0.291
-0.185
0.431
1.692
0.864
1.468
0.875
-1.834
-1.102
-0.269
0.868
0.822
0.127
-2.263
-0.288
-0.930
1.266
-0.504
1.878
0.228
-0.159
1.890
-0.340
-1.081
-0.019
-1.291
1.704
0.865
-0.517
0.651
-1.191
-0.190
2.080
-1.051
-0.424
-1.114
1.604
-0.024
0.097
-0.666
1.873
-0.509
0.403
0.970
-1.576
1.694
1.297
0.397
0.801
-0.492
-1.825
1.428
0.186
-0.427
1.761
0.878
-1.162
2.978
-0.611
-0.633
-0.924
1.159
0.058
-1.625
-0.300
1.719
0.548
0.044
-0.654
0.917
2.046
0.978
-1.027
1.418
0.430
-1.197
-1.008
-1.511
-0.365
1.253
2.431
-2.793
-0.458
-0.688
-1.514
-2.120
0.702
0.121
0.116
-0.748
0.056
2.474
-0.113
-0.823
0.763
-0.214
-1.074
-0.721
1.547
-1.615
-0.950
-0.998
1.768
0.113
-2.534
-0.219
-1.331
1.161
-1.277
2.154
-1.300
1.969
-0.136
0.143
-0.798
-0.116
-0.605
0.072
-1.075
0.898
0.478
1.227
0.831
-0.321
1.310
-1.338
1.398
0.341
0.574
3.146
-2.743
-1.651
-1.717
-0.825
0.210
-0.166
-0.759
-1.790
-2.489
0.359
0.533
0.261
-0.702
-0.777
0.869
-1.146
2.992
-0.671
-0.673
1.963
0.626
0.818
-0.894
0.284
1.821
-0.199
-0.564
0.193
-0.834
2.712
-0.346
-0.071
-1.107
1.500
1.672
-0.692
-1.263
-2.083
1.911
0.745
-0.865
-0.448
0.155
-0.684
0.876
1.214
-0.261
1.023
0.338
0.770
2.010
2.455
-0.242
1.534
-0.568
0.122
2.372
-0.573
-0.743
1.656
-0.774
-0.693
0.134
-0.130
0.409
2.158
-1.185
1.663
0.308
0.316
-1.552
0.254
3.360
2.667
0.770
-0.185
-0.809
0.009
-1.212
1.546
0.612
0.426
-1.327
-1.625
-0.974
0.404
-0.559
-1.417
1.443
0.407
0.219
-1.381
-0.358
0.913
0.192
0.979
-4.205
-2.805
0.198
-0.039
0.117
-1.101
-0.446
-1.557
-0.183
-0.657
0.190
-0.589
1.537
-0.203
2.234
0.784
-1.198
-1.499
2.718
-1.120
0.642
2.345
0.512
-0.763
0.631
-0.553
-1.218
-0.864
1.167
-0.636
-0.401
0.408
-0.689
0.858
0.430
0.718
-0.314
0.047
-0.150
-0.145
0.559
-0.692
-0.983
0.717
1.233
-0.485
1.489
1.247
-0.394
-2.223
0.929
1.601
-1.297
0.020
-0.392
0.860
-0.844
0.270
-0.408
-1.151
-0.043
1.523
-2.385
-1.021
0.720
0.957
0.813
-0.520
2.078
0.081
0.024
1.181
-0.498
0.038
-0.672
-1.480
-2.768
0.304
-0.481
2.529
-1.307
-1.099
-1.733
-2.014
-1.386
-0.814
0.480
0.213
-0.604
1.591
-2.071
1.280
-0.111
-1.243
-0.376
1.183
0.135
1.128
1.345
-1.938
-1.740
1.048
-1.116
-1.680
-1.298
-0.355
0.380
2.539
-1.044
-0.092
0.109
2.074
0.851
1.039
3.063
-0.148
-2.032
-0.391
-1.000
-2.020
0.018
-0.495
0.991
-0.021
-1.022
0.402
-0.340
-1.868
0.684
-0.277
0.651
-1.019
-1.437
-1.487
-1.154
-2.303
-1.113
-2.237
-1.338
0.195
-0.388
0.659
0.647
0.921
2.575
1.078
0.287
0.790
0.453
0.093
0.891
-0.281
1.168
0.333
-2.233
-0.258
1.413
-0.004
-1.123
0.480
-1.230
1.511
-0.039
-1.211
-1.326
0.335
0.682
-1.574
-0.141
1.199
-0.526
-1.259
0.404
0.140
1.227
-0.979
2.157
0.409
-1.082
-0.252
0.346
2.188
-0.212
0.014
-1.596
2.984
-0.018
-0.248
0.510
-0.315
0.607
-2.513
-0.204
1.880
-0.235
-2.333
-0.489
0.164
-0.132
0.484
-0.315
1.656
0.131
-1.163
0.048
-0.699
-1.552
1.706
0.983
1.066
0.749
-0.780
0.431
-0.798
-0.716
0.363
1.966
-0.548
-0.019
0.897
-1.317
0.464
-0.396
1.910
0.904
0.192
-0.105
-0.384
0.154
0.992
-1.995
-0.272
-1.104
0.860
0.009
2.016
-2.476
0.018
-1.131
-0.980
-2.200
-0.974
-0.429
-0.472
-0.427
3.330
-0.334
0.405
-1.093
-1.242
0.001
-0.576
0.022
-0.054
1.083
-0.733
0.442
0.461
-0.217
1.045
-2.355
-1.818
0.790
-0.047
-0.903
0.270
-0.641
0.570
1.698
-0.825
-0.462
0.272
0.968
-0.376
0.650
1.793
0.845
1.086
1.141
0.121
2.812
0.081
-0.583
0.300
1.345
2.448
-0.323
0.103
-1.909
1.041
1.340
0.778
0.599
-0.605
0.316
-0.402
-2.316
-0.355
-0.003
-0.306
-1.378
-0.378
-0.363
1.637
1.493
1.242
0.957
0.546
0.461
1.715
-0.363
-1.903
-1.304
-1.313
-0.093
-0.210
-1.925
0.243
0.320
0.016
3.160
-1.056
-0.168
-1.569
-1.302
-1.164
0.620
1.068
-1.700
1.109
1.458
-0.739
0.237
-0.362
-0.248
-0.179
-0.415
0.276
-0.253
0.519
1.294
-1.641
1.544
-2.053
1.027
-0.602
0.367
2.175
-0.782
0.769
0.353
0.207
-0.976
0.136
0.410
1.009
-0.956
1.715
-0.002
-0.063
0.015
-0.798
0.412
-0.008
0.536
-0.520
2.237
-1.014
0.384
3.168
-0.502
-0.581
0.394
1.650
0.691
-0.629
-0.190
-0.367
-0.757
-1.894
-1.235
-0.786
0.298
-1.371
-2.770
-2.551
2.661
1.520
0.358
-0.055
1.020
-0.132
0.776
-0.381
-1.844
-0.104
-0.593
-1.858
-0.761
0.557
1.385
1.574
0.088
-0.996
-0.625
-0.278
-1.472
2.111
-0.147
-2.201
-2.087
2.098
-1.087
0.852
1.354
-2.424
-1.037
-1.253
-0.509
-0.766
0.183
2.145
-0.666
-0.435
-0.333
2.252
0.467
-1.820
0.613
-0.688
-0.594
0.212
0.036
-1.318
1.167
0.656
-0.755
-1.350
1.648
-1.413
-0.008
-0.907
-0.163
-0.429
3.379
-0.500
0.197
-0.075
2.014
0.716
-1.649
0.002
0.531
2.288
-1.292
0.034
2.597
0.470
1.255
0.796
0.206
1.497
-0.894
-0.073
-0.738
0.542
-1.272
-0.453
-0.938
0.769
-1.090
-0.243
-1.052
0.039
-0.884
-0.098
-0.268
0.077
-0.762
-0.950
0.464
0.222
0.784
-0.132
0.821
0.139
-0.745
-2.096
-1.079
0.151
1.938
-0.745
-0.087
-0.206
-0.221
0.006
0.325
0.662
3.009
-0.881
1.255
3.107
-1.641
0.983
-1.123
1.130
-0.840
1.009
0.128
0.442
1.313
-1.426
-0.135
1.837
-0.994
0.459
0.503
1.058
0.444
2.768
1.041
-0.489
-1.091
-1.936
-0.650
2.972
-0.932
0.783
-1.380
1.312
-0.215
0.926
-2.707
0.312
-1.300
-0.990
-0.887
-0.461
-0.316
0.141
-0.856
1.229
2.034
-1.181
-0.986
0.725
-0.080
-0.836
-2.080
0.409
-0.252
0.574
-0.555
-1.346
1.792
-0.441
-0.311
0.204
-2.118
-1.180
0.493
-0.813
-0.171
1.918
2.066
-0.036
-0.682
1.757
0.412
1.444
0.691
-0.403
2.384
1.332
-0.444
1.122
-0.538
-1.007
-0.820
1.439
-0.702
-1.181
-0.376
1.516
1.250
0.259
-1.273
0.708
-0.787
-1.468
0.041
0.757
0.441
-1.481
0.601
-0.230
-0.246
-0.438
0.093
-1.503
-0.001
1.125
-0.457
0.645
0.662
0.515
1.813
-0.122
0.326
-1.955
-1.653
-0.594
1.501
-0.335
-0.286
-0.316
0.633
0.766
-2.680
-1.138
2.287
-1.340
1.347
-0.770
0.522
-0.648
-1.108
0.604
0.727
0.191
0.699
2.756
-0.364
1.732
-2.104
0.423
2.421
-1.289
-0.207
1.771
1.932
-2.499
1.952
0.062
-0.956
-1.080
0.129
-2.798
-1.282
-1.334
-0.782
-0.725
-1.406
1.207
1.982
1.641
-2.011
-1.499
-1.624
0.975
-0.221
-1.071
-0.795
-0.375
0.818
0.342
-0.031
-0.087
-1.061
-2.884
-0.094
1.276
-0.975
-2.401
0.586
0.948
-0.241
-0.157
0.595
-1.291
-0.170
1.416
0.879
2.720
-1.050
0.838
-1.494
1.626
1.729
0.149
1.087
2.190
1.364
-0.947
0.792
1.354
0.035
-1.476
-0.249
0.189
-2.525
-0.591
-1.627
1.410
1.190
-0.497
1.530
0.785
-3.802
0.635
-0.080
-0.139
0.401
1.207
-0.198
-1.365
-1.187
0.549
1.465
-0.422
1.555
-0.702
-0.613
0.108
0.760
-0.323
-1.686
2.520
1.329
0.280
-0.430
-0.279
0.537
0.843
1.724
-0.756
2.159
0.030
0.413
-1.214
-1.609
-0.025
-0.852
0.096
-0.266
0.509
-4.053
-0.069
0.593
-0.927
1.579
0.761
1.739
0.305
0.643
2.971
0.514
-0.008
-1.294
0.766
1.022
-1.410
0.144
-0.076
0.464
0.630
-1.020
-1.181
-0.996
1.287
1.166
1.549
0.918
1.215
-3.019
-0.519
0.259
0.522
-0.469
0.333
0.001
1.038
-0.125
-0.345
-0.456
-1.206
-0.021
0.317
-0.178
2.764
-0.098
1.334
0.508
1.046
2.333
0.351
0.692
0.801
-0.618
-0.706
-1.199
-1.216
-0.859
-0.092
-1.239
0.607
0.379
-0.720
0.281
0.803
-0.263
-1.622
-0.140
0.374
-0.619
0.587
-1.102
-2.024
0.592
0.507
-0.925
2.373
-0.968
-1.566
-0.900
-0.281
1.023
0.238
2.067
-0.111
-0.941
1.986
1.550
-0.146
0.586
1.353
-1.177
-1.274
-0.837
0.659
-2.237
-1.513
-2.735
-0.759
0.782
-0.363
0.009
-0.725
0.045
-0.097
1.279
0.044
0.119
0.154
-0.383
0.695
0.797
0.710
-1.044
-0.149
-0.516
-0.596
1.300
-0.075
0.957
2.080
-0.839
-2.134
0.625
0.904
-1.265
0.086
0.330
0.510
0.530
-0.707
-0.036
-0.443
0.930
-2.241
0.599
-0.385
-0.082
0.529
0.600
-0.075
-1.443
-0.133
1.569
0.153
1.137
0.527
-0.380
-2.006
1.641
-2.950
-1.059
-0.945
-0.837
-3.055
-1.574
-0.573
-1.394
2.079
1.208
1.262
1.124
0.923
1.253
2.051
-0.390
0.829
-0.851
0.166
-1.918
-2.304
-0.618
-0.602
0.532
0.539
-0.528
-1.145
-1.506
1.185
0.876
-1.363
0.887
0.651
-0.009
-0.353
-0.892
1.670
0.059
0.481
0.246
-1.890
0.033
-1.141
-0.416
1.282
0.587
0.584
-2.317
-0.215
-0.770
-2.277
-0.078
0.565
1.537
2.560
-0.224
-1.160
-1.389
-1.028
0.637
1.354
0.285
-1.558
1.715
-0.065
0.476
0.107
-1.593
1.369
1.097
-0.096
-0.584
-1.563
0.745
1.377
0.912
0.710
-0.299
-0.274
-0.444
0.718
-0.139
-2.106
0.015
0.896
-2.718
-0.230
1.117
0.447
-1.019
0.796
2.337
-0.848
0.683
-0.417
0.418
-0.174
-0.104
0.837
0.220
1.942
-1.303
1.478
1.537
0.233
0.172
-2.309
-0.247
-0.384
-1.543
-1.770
0.890
1.275
-0.123
-0.509
-0.411
0.529
0.103
1.892
1.665
2.160
-1.005
-0.381
-0.346
1.284
-0.837
2.185
-0.438
-0.991
0.099
0.062
-0.010
-0.379
-1.522
-0.258
-0.239
-1.623
1.546
0.296
0.261
-0.335
-0.005
-0.648
0.046
2.496
2.518
-0.623
-0.313
-2.055
-0.460
-0.261
0.462
1.013
2.131
0.343
0.313
-0.231
0.285
1.483
1.172
-0.322
0.650
-0.402
0.762
-1.172
-0.943
-1.222
-0.529
-0.494
0.962
-0.612
-1.136
1.095
0.442
0.775
0.113
1.883
0.696
0.909
0.097
0.300
1.789
0.431
-0.895
0.143
-1.716
-0.923
0.773
-0.652
-0.021
-2.881
-0.362
-1.841
-0.085
1.524
-3.548
-1.090
-0.642
0.512
-0.749
0.065
1.951
0.523
1.719
-0.886
1.771
0.254
0.632
2.209
-0.485
-0.592
-0.758
1.192
1.124
-1.023
-0.583
-0.095
-2.753
-0.566
1.775
0.956
2.957
-1.060
1.004
0.345
2.773
-0.274
0.829
1.409
-0.764
1.078
0.929
0.002
-1.171
-0.043
0.197
2.401
-2.709
0.347
1.191
0.178
-0.678
-0.207
-1.884
-1.153
-2.070
-0.748
1.396
-1.653
1.607
-1.517
-1.108
1.120
-0.224
-0.435
-0.168
-0.531
-0.199
-1.665
2.154
-0.512
0.682
1.016
0.456
2.151
1.175
-0.132
-1.268
-0.515
-0.298
-1.349
0.411
-2.552
0.111
-1.148
1.622
0.290
-0.598
-0.774
0.574
1.682
-0.487
1.982
-0.767
-0.527
-1.475
0.925
-0.986
2.982
-0.008
-2.099
2.004
-1.853
-0.320
0.762
-1.156
-0.497
-0.398
2.560
-0.578
-0.406
0.991
0.321
-0.742
-0.452
1.615
-0.229
-1.309
-0.716
1.055
-1.327
-0.831
2.666
-0.992
0.524
-2.239
1.462
-0.673
0.323
0.926
-0.970
0.736
0.631
0.318
1.805
0.448
0.565
0.096
0.494
0.665
1.574
0.807
-0.135
-0.995
1.787
-0.716
1.692
0.340
0.179
0.841
-0.391
-0.368
-3.327
-0.585
-1.997
0.591
-0.625
-1.237
0.672
2.195
-0.973
0.018
1.576
-1.679
1.188
1.067
-1.168
-0.650
0.764
1.848
1.154
0.243
-0.074
0.851
2.228
0.554
-0.950
0.284
0.804
0.855
0.578
-0.789
-0.765
-0.101
-0.796
-1.010
1.800
-1.567
0.095
1.848
-0.447
0.442
-1.011
0.674
0.941
0.796
1.168
-0.086
-0.619
1.280
0.367
1.958
1.619
-0.602
-0.543
-0.051
-0.608
-1.571
-2.261
0.796
1.294
-1.434
-1.831
-0.328
-0.619
-1.251
0.076
-1.961
1.596
1.087
-0.881
-1.295
-0.940
0.679
-0.367
-1.562
-0.501
-1.124
-1.190
0.931
-1.132
-2.217
-0.302
0.425
0.462
0.510
-1.439
-0.924
-0.376
0.453
2.616
2.276
-0.640
-0.413
0.959
0.391
2.956
0.152
-0.640
-0.396
0.183
-1.109
0.200
0.010
-0.713
-1.196
1.712
0.239
0.220
-0.259
-0.727
0.842
-1.181
0.579
2.378
0.736
-1.342
-1.619
3.180
0.955
1.146
-0.270
-0.198
-2.707
0.207
0.341
-1.941
-0.338
0.737
-2.381
2.190
-0.128
0.812
-1.246
0.353
1.286
-0.707
1.050
1.013
0.551
0.362
-1.309
-0.727
0.608
1.495
-0.872
-0.408
-0.388
-1.756
0.639
-0.969
0.208
-1.897
0.444
-0.968
0.520
2.018
-0.519
0.326
-1.104
-0.540
1.387
-0.630
-0.923
-2.624
-1.843
-3.025
1.580
1.688
-0.325
0.214
0.276
0.154
0.290
0.141
-2.323
-1.298
0.200
-1.203
0.861
0.210
0.484
0.296
0.457
1.804
-1.510
-1.669
0.578
-1.088
-1.649
0.931
0.940
2.043
-0.658
-0.516
-0.903
-0.302
1.152
1.754
0.496
-0.858
-1.179
-1.307
0.333
-1.360
0.392
-1.511
-1.096
2.695
0.550
-0.108
1.601
-1.324
1.325
0.890
-0.848
0.276
-1.522
0.703
0.514
2.024
-0.012
-1.231
-1.632
-1.086
0.290
-0.112
1.404
-0.693
-0.384
-0.833
-1.411
-0.478
0.620
2.850
0.407
0.452
1.004
0.145
0.850
-0.171
-0.844
0.773
1.741
2.178
0.618
0.172
0.956
-0.503
0.397
-0.944
-0.486
0.293
-1.121
-1.319
0.429
0.355
-0.315
-0.724
0.071
-0.608
-2.686
-0.939
-1.270
0.005
0.897
-0.516
-0.291
0.409
1.296
-0.804
0.349
0.164
0.134
1.107
-0.354
-0.602
-1.575
-0.982
0.095
-0.773
1.121
-1.051
-0.378
-0.245
1.061
1.572
-0.630
-0.337
-2.103
0.204
0.389
-0.235
0.286
2.128
0.032
0.438
2.202
-0.594
-2.972
-0.999
-0.392
0.992
0.757
-1.121
1.441
0.314
0.516
-0.679
1.523
-0.137
0.257
1.519
1.001
1.012
-1.526
1.875
-0.023
-1.322
0.533
-1.130
-0.960
-0.301
1.634
0.074
3.296
-0.355
0.213
0.895
-2.286
0.962
-0.464
2.891
-1.363
0.056
1.930
-0.625
-0.746
0.174
-0.299
0.011
2.889
-0.590
-1.052
-0.275
1.687
-0.403
-0.512
-0.746
1.891
0.252
-0.324
-0.799
0.161
3.317
-1.053
3.036
1.162
-0.016
0.306
-0.267
1.875
-0.823
-0.466
0.232
-0.395
-0.783
0.684
-0.985
-1.700
0.397
0.595
-0.947
-0.846
-1.005
-1.046
-0.839
-1.215
0.226
-1.579
0.156
1.956
-1.222
-0.440
1.856
-2.098
-0.938
0.491
-0.024
1.567
-0.395
0.700
1.814
-1.372
-1.187
-1.486
-0.452
-1.269
0.621
0.376
-2.339
-0.240
-0.698
1.053
-1.675
-0.220
1.140
0.109
0.125
2.026
-0.340
1.345
1.576
-0.755
1.163
-1.681
0.001
1.053
-1.165
2.996
0.467
-0.537
0.280
-0.227
1.546
1.126
-0.317
-3.037
-1.670
-1.107
-1.832
0.546
1.398
0.635
2.655
-0.865
-0.583
-0.351
-1.045
0.528
-1.259
1.322
-0.775
1.023
0.080
2.692
2.193
1.127
-0.019
1.069
2.497
-0.095
0.096
-2.475
0.409
0.176
-0.711
0.784
-1.056
1.700
0.203
2.053
-0.138
-1.575
2.528
0.576
0.153
0.687
-0.791
-0.230
-0.019
-0.504
-1.570
0.284
1.174
0.645
2.291
-0.214
-1.554
1.266
2.010
1.861
-0.324
1.931
-1.025
-2.138
-0.533
-1.035
1.252
-4.255
1.161
-0.932
0.166
0.084
-1.972
1.668
0.910
0.497
-2.160
0.111
1.410
0.638
1.238
-0.316
0.047
0.401
-0.768
-0.308
0.623
-2.391
1.808
0.568
-0.513
1.648
-1.132
-2.214
1.529
-0.658
-0.034
1.685
-0.895
0.775
-1.931
1.028
0.872
0.154
1.684
0.167
-1.056
0.205
1.049
0.526
3.066
-1.535
0.330
-1.066
0.792
-0.191
0.291
-0.546
-0.277
-0.617
0.962
0.304
1.475
2.205
-0.812
-1.093
-0.553
-0.834
-2.078
-1.790
-0.629
0.122
-2.731
-0.451
-0.872
0.553
1.103
-0.353
-0.245
0.881
-1.152
-1.257
-1.643
0.258
1.087
1.458
1.993
0.705
1.416
0.960
-0.078
0.321
1.134
0.509
-0.367
-0.686
-0.074
-0.029
-0.411
1.500
2.310
-1.310
1.426
0.169
-1.514
1.169
-1.394
2.152
0.562
-0.123
-1.358
-0.149
-1.187
-0.425
1.150
0.570
0.201
-0.062
-1.914
0.470
-0.788
0.308
-0.311
0.695
-0.370
0.643
-1.626
0.093
1.611
-0.615
-1.089
-1.132
0.026
-1.696
-1.956
0.337
-0.843
0.887
0.531
-0.618
1.314
0.540
0.189
-0.150
1.310
-0.646
-0.887
0.463
0.149
-1.825
1.057
-0.773
0.418
-0.612
-0.969
-0.004
0.487
0.335
-0.154
-1.170
0.276
-0.976
0.472
-1.709
0.352
-0.706
0.500
-1.687
-0.386
-0.754
1.337
0.041
-0.972
0.273
-1.268
-0.570
0.600
-2.164
0.903
-0.733
-1.358
0.253
0.904
1.000
0.310
-2.210
-1.088
0.407
0.683
0.925
2.114
-0.522
0.100
1.064
2.203
0.435
-0.804
-0.310
-0.666
2.443
-1.505
0.084
-1.474
-0.616
2.860
-2.022
-1.452
0.652
0.698
0.342
0.784
-0.323
0.463
-0.409
1.480
1.764
0.914
0.291
-1.101
-0.370
0.682
-2.994
-0.712
-0.007
-0.086
0.617
0.077
0.470
0.488
0.525
0.277
-1.521
-0.167
0.040
-0.689
1.108
-1.646
-0.277
0.692
-0.191
1.097
-0.598
-1.576
0.088
0.604
-1.253
-0.988
0.186
1.297
1.584
-0.095
0.994
0.368
-0.657
-0.895
0.153
-1.337
0.734
1.679
-0.725
-1.714
-1.317
-0.237
-0.368
0.383
-0.351
1.189
0.943
-1.919
-0.862
0.017
-2.142
-1.535
2.384
-2.315
0.014
-1.075
0.468
-0.744
-0.692
-1.779
1.319
0.433
-1.019
-0.751
-0.932
0.332
-0.231
-0.569
-1.235
0.895
1.626
-0.731
-0.351
-0.823
0.467
-0.624
-0.259
-1.259
-1.051
0.389
