           freq        amp       phase  gamma     offset  freq_stderr  \
tmw                                                                     
0.000  0.002778   1.762120   71.228908    0.0  22.232875          0.0   
0.008  0.002778  12.222963  -36.808298    0.0  22.524491          0.0   
0.016  0.002778  19.545055  -36.294928    0.0  23.189194          0.0   
0.024  0.002778  19.740168  -38.806921    0.0  23.589144          0.0   
0.032  0.002778  15.327005  -54.318216    0.0  23.004843          0.0   
0.040  0.002778   6.366340 -114.508023    0.0  22.786877          0.0   
0.048  0.002778  14.076158 -174.757575    0.0  22.571695          0.0   
0.056  0.002778  17.935697 -188.738245    0.0  20.454699          0.0   
0.064  0.002778  20.618107 -192.529512    0.0  22.995716          0.0   
0.072  0.002778  16.623630  147.167237    0.0  22.292444          0.0   
0.080  0.002778  17.434349  115.718004    0.0  23.561088          0.0   
0.088  0.002778  13.056530   61.683700    0.0  22.809669          0.0   
0.096  0.002778  16.615437   24.788623    0.0  22.082922          0.0   
0.104  0.002778  18.602968   24.393719    0.0  21.841724          0.0   
0.112  0.002778  16.448681   34.631416    0.0  22.407006          0.0   
0.120  0.002778   9.806454   66.470454    0.0  23.502020          0.0   
0.128  0.002778  15.595311  107.261577    0.0  22.947564          0.0   
0.136  0.002778  19.101790  124.334825    0.0  23.068158          0.0   
0.144  0.002778  18.792287  132.471372    0.0  22.020073          0.0   
0.152  0.002778  19.787514  126.997030    0.0  22.768996          0.0   
0.160  0.002778  19.172694  118.073129    0.0  23.369798          0.0   
0.168  0.002778  15.987006  105.489399    0.0  22.685451          0.0   
0.176  0.002778  14.258661   61.529928    0.0  22.518114          0.0   
0.184  0.002778  14.892383   17.413456    0.0  22.269591          0.0   
0.192  0.002778  19.262704   -3.035425    0.0  22.363294          0.0   
0.200  0.002778  17.696937   -6.473534    0.0  22.454494          0.0   
0.208  0.002778  18.594512   -7.396988    0.0  21.913427          0.0   
0.216  0.002778  14.954543   -4.415215    0.0  22.656086          0.0   
0.224  0.002778   5.896648   44.045026    0.0  22.475504          0.0   
0.232  0.002778  12.415143  121.883489    0.0  23.634693          0.0   
0.240  0.002778  18.358081  132.092948    0.0  22.754988          0.0   
0.248  0.002778  19.342051  133.301422    0.0  22.690223          0.0   
0.256  0.002778  18.351795  132.953642    0.0  22.396505          0.0   
0.264  0.002778  18.481776  120.522501    0.0  23.406803          0.0   
0.272  0.002778  15.841156   94.949332    0.0  23.618459          0.0   
0.280  0.002778  12.784724   47.248669    0.0  23.768924          0.0   
0.288  0.002778  18.435053   27.106310    0.0  23.204725          0.0   
0.296  0.002778  17.364260   15.965711    0.0  22.929452          0.0   
0.304  0.002778  11.000500   19.737012    0.0  22.392125          0.0   
0.312  0.002778   4.544620  109.657279    0.0  23.788251          0.0   
0.320  0.002778  14.525532  134.137980    0.0  22.613743          0.0   
0.328  0.002778  16.849713 -201.664859    0.0  21.288704          0.0   
0.336  0.002778  18.174443 -200.982073    0.0  22.380925          0.0   
0.344  0.002778  18.261327 -206.465195    0.0  22.280518          0.0   
0.352  0.002778  14.574688 -207.879602    0.0  23.158147          0.0   
0.360  0.002778   4.247123   99.382255    0.0  22.705956          0.0   
0.368  0.002778  11.140178  -12.207570    0.0  23.099721          0.0   
0.376  0.002778  17.147553  -13.731206    0.0  21.942812          0.0   
0.384  0.002778  16.931993  -26.026649    0.0  22.758127          0.0   
0.392  0.002778   8.864066  -40.854396    0.0  23.174463          0.0   
0.400  0.002778   3.302482  133.031661    0.0  23.818792          0.0   

       amp_stderr  phase_stderr  gamma_stderr  offset_stderr     chisqr  \
tmw                                                                       
0.000    0.753750     22.089739           0.0       0.505842   2.750499   
0.008    0.668389      2.916336           0.0       0.477442   2.215922   
0.016    0.855572      2.190218           0.0       0.690740   4.181855   
0.024    1.304928      4.332125           0.0       1.090569   9.331478   
0.032    0.850232      2.762569           0.0       0.583583   2.680049   
0.040    0.831680      5.992235           0.0       0.538182   3.142905   
0.048    0.623401      2.867756           0.0       0.524969   2.098704   
0.056    0.682273      2.342056           0.0       0.632164   3.573603   
0.064    0.481512      1.438758           0.0       0.440956   1.510567   
0.072    0.693501      1.931345           0.0       0.514476   2.488251   
0.080    0.756012      2.104142           0.0       0.622418   2.385129   
0.088    0.491421      2.148403           0.0       0.367556   1.149709   
0.096    0.957087      3.831957           0.0       0.753935   5.863138   
0.104    0.808081      2.603657           0.0       0.663923   5.361436   
0.112    0.749403      2.482900           0.0       0.584957   2.822769   
0.120    0.459501      2.745253           0.0       0.338431   0.973450   
0.128    1.049185      3.801798           0.0       0.849496   9.032409   
0.136    1.049810      2.822219           0.0       0.879168   6.431003   
0.144    0.997056      2.706336           0.0       0.886315   5.655925   
0.152    1.180488      2.944544           0.0       1.004145   7.771520   
0.160    0.548046      1.360150           0.0       0.412117   1.491217   
0.168    0.539978      1.819196           0.0       0.404141   1.345589   
0.176    0.078556      0.296787           0.0       0.059177   0.030907   
0.184    0.450332      1.896008           0.0       0.347188   1.364369   
0.192    0.682534      2.202572           0.0       0.576412   3.080872   
0.200    0.670964      1.807164           0.0       0.504311   2.988937   
0.208    0.993157      3.156196           0.0       0.870538   7.451942   
0.216    0.773591      3.653092           0.0       0.641029   3.425968   
0.224    1.447157     13.117635           0.0       0.982792  10.362277   
0.232    1.022695      3.736932           0.0       0.720061   4.893838   
0.240    0.805526      2.203600           0.0       0.692405   3.554332   
0.248    0.864840      1.817784           0.0       0.706725   3.866105   
0.256    0.839670      2.306832           0.0       0.700645   4.080722   
0.264    0.506681      1.522801           0.0       0.423769   1.188260   
0.272    0.268203      0.787841           0.0       0.189701   0.332968   
0.280    0.646204      2.816544           0.0       0.464702   1.898748   
0.288    1.128454      3.731358           0.0       0.922792   8.210966   
0.296    0.596395      2.262248           0.0       0.461390   2.608390   
0.304    1.147450      6.776206           0.0       0.898568   7.721658   
0.312    0.791898      8.880179           0.0       0.528406   3.183817   
0.320    0.750280      2.519612           0.0       0.559345   2.105310   
0.328    0.890424      2.846515           0.0       0.739534   4.978574   
0.336    0.715239      2.040083           0.0       0.594057   2.452934   
0.344    0.930369      2.547464           0.0       0.773209   5.250001   
0.352    1.089565      4.351955           0.0       0.821933   4.754897   
0.360    0.335518      4.311343           0.0       0.232918   0.417684   
0.368    1.137583      6.266085           0.0       0.856950   7.206691   
0.376    0.189463      0.706586           0.0       0.159378   0.237535   
0.384    0.531762      1.868789           0.0       0.423590   1.940122   
0.392    0.851820      5.146797           0.0       0.592860   3.502227   
0.400    0.650971     10.487297           0.0       0.442188   1.541807   

         redchi  success  errorbars  
tmw                                  
0.000  0.687625      1.0        1.0  
0.008  0.553980      1.0        1.0  
0.016  1.045464      1.0        1.0  
0.024  2.332870      1.0        1.0  
0.032  0.670012      1.0        1.0  
0.040  0.785726      1.0        1.0  
0.048  0.524676      1.0        1.0  
0.056  0.893401      1.0        1.0  
0.064  0.377642      1.0        1.0  
0.072  0.622063      1.0        1.0  
0.080  0.596282      1.0        1.0  
0.088  0.287427      1.0        1.0  
0.096  1.465785      1.0        1.0  
0.104  1.340359      1.0        1.0  
0.112  0.705692      1.0        1.0  
0.120  0.243362      1.0        1.0  
0.128  2.258102      1.0        1.0  
0.136  1.607751      1.0        1.0  
0.144  1.413981      1.0        1.0  
0.152  1.942880      1.0        1.0  
0.160  0.372804      1.0        1.0  
0.168  0.336397      1.0        1.0  
0.176  0.007727      1.0        1.0  
0.184  0.341092      1.0        1.0  
0.192  0.770218      1.0        1.0  
0.200  0.747234      1.0        1.0  
0.208  1.862985      1.0        1.0  
0.216  0.856492      1.0        1.0  
0.224  2.590569      1.0        1.0  
0.232  1.223459      1.0        1.0  
0.240  0.888583      1.0        1.0  
0.248  0.966526      1.0        1.0  
0.256  1.020180      1.0        1.0  
0.264  0.297065      1.0        1.0  
0.272  0.083242      1.0        1.0  
0.280  0.474687      1.0        1.0  
0.288  2.052742      1.0        1.0  
0.296  0.652097      1.0        1.0  
0.304  1.930415      1.0        1.0  
0.312  0.795954      1.0        1.0  
0.320  0.526328      1.0        1.0  
0.328  1.244643      1.0        1.0  
0.336  0.613233      1.0        1.0  
0.344  1.312500      1.0        1.0  
0.352  1.188724      1.0        1.0  
0.360  0.104421      1.0        1.0  
0.368  1.801673      1.0        1.0  
0.376  0.059384      1.0        1.0  
0.384  0.485030      1.0        1.0  
0.392  0.875557      1.0        1.0  
0.400  0.385452      1.0        1.0  