           freq        amp       phase  gamma     offset  freq_stderr  \
tmw                                                                     
0.000  0.002778   1.909357  -56.809036    0.0  15.667880          0.0   
0.008  0.002778  10.344047  -53.281114    0.0  16.656100          0.0   
0.016  0.002778  13.478326  -42.034400    0.0  16.094219          0.0   
0.024  0.002778  14.728049  -34.027195    0.0  17.400591          0.0   
0.032  0.002778  11.394717  -35.482226    0.0  16.112933          0.0   
0.040  0.002778   4.662850 -100.483854    0.0  16.559406          0.0   
0.048  0.002778  10.549206 -175.497344    0.0  16.871576          0.0   
0.056  0.002778  12.678227 -189.243442    0.0  14.796160          0.0   
0.064  0.002778  14.718075 -192.354712    0.0  17.149305          0.0   
0.072  0.002778  13.754864  145.636990    0.0  16.621550          0.0   
0.080  0.002778  10.948376  102.182767    0.0  14.534673          0.0   
0.088  0.002778  10.058365   59.960311    0.0  16.298851          0.0   
0.096  0.002778  11.346957   32.573885    0.0  15.330383          0.0   
0.104  0.002778  14.490675   33.500120    0.0  17.280581          0.0   
0.112  0.002778  13.137318   36.820790    0.0  16.522413          0.0   
0.120  0.002778   8.015603   81.802355    0.0  16.755856          0.0   
0.128  0.002778  12.121015  103.653171    0.0  17.590800          0.0   
0.136  0.002778  13.615653  114.359356    0.0  16.798544          0.0   
0.144  0.002778  14.188089  122.940149    0.0  17.094605          0.0   
0.152  0.002778  16.166962  130.996466    0.0  18.983264          0.0   
0.160  0.002778  15.945824  120.409437    0.0  18.397847          0.0   
0.168  0.002778  12.995229  116.882966    0.0  17.702824          0.0   
0.176  0.002778   9.442056   61.085428    0.0  15.745337          0.0   
0.184  0.002778  10.525907   25.553440    0.0  16.330145          0.0   
0.192  0.002778  13.793193   -8.655999    0.0  17.199216          0.0   
0.200  0.002778  11.554847   -7.527530    0.0  15.574808          0.0   
0.208  0.002778  11.309193   -9.914951    0.0  15.553812          0.0   
0.216  0.002778  10.275930  -15.494442    0.0  17.302561          0.0   
0.224  0.002778   3.113765   37.873930    0.0  16.112733          0.0   
0.232  0.002778   9.045017  136.027384    0.0  15.684168          0.0   
0.240  0.002778  12.475459  138.180811    0.0  14.861237          0.0   
0.248  0.002778  13.856722  124.192665    0.0  17.279322          0.0   
0.256  0.002778  13.584602  125.348004    0.0  16.204812          0.0   
0.264  0.002778  14.441193  116.633716    0.0  18.177367          0.0   
0.272  0.002778  12.563275   88.512941    0.0  16.940287          0.0   
0.280  0.002778   9.715664   57.510420    0.0  16.284429          0.0   
0.288  0.002778  14.720780   29.298231    0.0  18.177295          0.0   
0.296  0.002778  15.178707   25.727225    0.0  17.886954          0.0   
0.304  0.002778   9.088076   22.494473    0.0  16.807705          0.0   
0.312  0.002778   4.768974   70.543881    0.0  16.294877          0.0   
0.320  0.002778   9.550553  125.369152    0.0  17.383468          0.0   
0.328  0.002778  10.578181 -212.188685    0.0  15.665653          0.0   
0.336  0.002778  14.654318 -205.871742    0.0  17.074885          0.0   
0.344  0.002778  13.630863 -206.569394    0.0  16.339934          0.0   
0.352  0.002778   7.535582 -193.445680    0.0  17.016103          0.0   
0.360  0.002778   0.914375   69.147491    0.0  14.726637          0.0   
0.368  0.002778   8.084293  -26.264336    0.0  16.291054          0.0   
0.376  0.002778  12.875250  -19.548699    0.0  17.400212          0.0   
0.384  0.002778  13.018637  -32.759792    0.0  17.726998          0.0   
0.392  0.002778   6.812242  -45.878652    0.0  18.146071          0.0   
0.400  0.002778   3.135113 -178.689259    0.0  17.508092          0.0   

       amp_stderr  phase_stderr  gamma_stderr  offset_stderr    chisqr  \
tmw                                                                      
0.000    0.816898     22.141636           0.0       0.545303  1.556727   
0.008    1.045463      6.231505           0.0       0.855944  3.617422   
0.016    0.801593      3.429131           0.0       0.703918  2.895356   
0.024    0.897661      2.870568           0.0       0.734154  2.833361   
0.032    0.701169      3.936254           0.0       0.583914  2.082481   
0.040    0.760635      9.197797           0.0       0.530779  2.133616   
0.048    0.852108      3.616133           0.0       0.693044  1.626538   
0.056    1.173678      3.680155           0.0       1.061396  4.028438   
0.064    0.802569      1.994868           0.0       0.714652  2.147843   
0.072    0.998098      3.750031           0.0       0.828142  4.924552   
0.080    0.697521      2.926351           0.0       0.561703  1.867474   
0.088    0.729985      3.981921           0.0       0.524432  2.079239   
0.096    0.348300      1.565815           0.0       0.262296  0.402539   
0.104    0.579558      2.059565           0.0       0.468090  1.060389   
0.112    0.534167      2.275002           0.0       0.455240  1.099001   
0.120    1.378163      8.634053           0.0       1.028538  4.817653   
0.128    0.955163      3.903340           0.0       0.724778  2.435218   
0.136    0.941968      2.937439           0.0       0.695232  2.554705   
0.144    0.741328      2.556627           0.0       0.632582  1.593722   
0.152    0.225084      0.725956           0.0       0.206765  0.166933   
0.160    0.651642      1.900409           0.0       0.594736  1.377902   
0.168    0.553278      2.402598           0.0       0.471618  1.174467   
0.176    0.910088      4.816575           0.0       0.620615  2.545809   
0.184    0.669646      3.897348           0.0       0.537051  1.881819   
0.192    0.982828      4.623225           0.0       0.846716  3.745873   
0.200    0.266804      1.380207           0.0       0.212214  0.291341   
0.208    0.608638      3.281419           0.0       0.498250  1.639203   
0.216    0.748572      5.431738           0.0       0.621527  2.245674   
0.224    1.172352     21.646702           0.0       0.819883  3.921295   
0.232    1.402695      7.923146           0.0       1.106146  6.893367   
0.240    0.714330      2.277329           0.0       0.571051  1.503250   
0.248    0.738750      3.043884           0.0       0.678627  1.938246   
0.256    0.574734      2.035623           0.0       0.504143  1.105316   
0.264    0.857434      2.309133           0.0       0.636231  1.608924   
0.272    1.210801      4.945487           0.0       0.879864  4.256613   
0.280    0.656632      3.833211           0.0       0.490895  1.139542   
0.288    0.558867      2.281225           0.0       0.450869  1.160969   
0.296    0.897281      3.533720           0.0       0.729380  3.938726   
0.304    0.497293      3.641489           0.0       0.380112  0.873158   
0.312    0.730211      7.691845           0.0       0.489430  1.468110   
0.320    0.557478      3.836583           0.0       0.449526  1.368755   
0.328    1.535582      6.544784           0.0       1.230507  6.176190   
0.336    0.856106      2.207057           0.0       0.740977  1.755749   
0.344    1.115463      3.614866           0.0       0.915745  5.108057   
0.352    1.478203     11.571234           0.0       1.163480  6.937507   
0.360    0.672268     38.596807           0.0       0.448583  0.936726   
0.368    0.546965      4.776295           0.0       0.425734  1.256858   
0.376    0.354129      1.718652           0.0       0.293839  0.578368   
0.384    0.772457      3.236478           0.0       0.613312  1.918702   
0.392    1.143185      9.260916           0.0       0.802334  2.955471   
0.400    1.527137     37.685554           0.0       1.232199  7.864051   

         redchi  success  errorbars  
tmw                                  
0.000  0.389182      1.0        1.0  
0.008  0.904356      1.0        1.0  
0.016  0.723839      1.0        1.0  
0.024  0.708340      1.0        1.0  
0.032  0.520620      1.0        1.0  
0.040  0.533404      1.0        1.0  
0.048  0.406635      1.0        1.0  
0.056  1.007109      1.0        1.0  
0.064  0.536961      1.0        1.0  
0.072  1.231138      1.0        1.0  
0.080  0.466869      1.0        1.0  
0.088  0.519810      1.0        1.0  
0.096  0.100635      1.0        1.0  
0.104  0.265097      1.0        1.0  
0.112  0.274750      1.0        1.0  
0.120  1.204413      1.0        1.0  
0.128  0.608804      1.0        1.0  
0.136  0.638676      1.0        1.0  
0.144  0.398430      1.0        1.0  
0.152  0.041733      1.0        1.0  
0.160  0.344475      1.0        1.0  
0.168  0.293617      1.0        1.0  
0.176  0.636452      1.0        1.0  
0.184  0.470455      1.0        1.0  
0.192  0.936468      1.0        1.0  
0.200  0.072835      1.0        1.0  
0.208  0.409801      1.0        1.0  
0.216  0.561418      1.0        1.0  
0.224  0.980324      1.0        1.0  
0.232  1.723342      1.0        1.0  
0.240  0.375813      1.0        1.0  
0.248  0.484562      1.0        1.0  
0.256  0.276329      1.0        1.0  
0.264  0.402231      1.0        1.0  
0.272  1.064153      1.0        1.0  
0.280  0.284885      1.0        1.0  
0.288  0.290242      1.0        1.0  
0.296  0.984681      1.0        1.0  
0.304  0.218290      1.0        1.0  
0.312  0.367027      1.0        1.0  
0.320  0.342189      1.0        1.0  
0.328  1.544047      1.0        1.0  
0.336  0.438937      1.0        1.0  
0.344  1.277014      1.0        1.0  
0.352  1.734377      1.0        1.0  
0.360  0.234182      1.0        1.0  
0.368  0.314214      1.0        1.0  
0.376  0.144592      1.0        1.0  
0.384  0.479676      1.0        1.0  
0.392  0.738868      1.0        1.0  
0.400  1.966013      1.0        1.0  