           freq           amp       phase  gamma     offset  freq_stderr  \
tmw                                                                        
0.000  0.002778  5.614323e-01   96.431150    0.0  14.128566          0.0   
0.008  0.002778  7.841233e+00  -44.067590    0.0  13.245572          0.0   
0.016  0.002778  1.040157e+01  -37.176214    0.0  12.286732          0.0   
0.024  0.002778  1.255382e+01  -36.946240    0.0  15.526610          0.0   
0.032  0.002778  9.323899e+00  -27.357957    0.0  12.911578          0.0   
0.040  0.002778  3.694293e+00  254.676136    0.0  12.939268          0.0   
0.048  0.002778  8.818003e+00 -172.980272    0.0  13.883239          0.0   
0.056  0.002778  1.272643e+01 -194.076018    0.0  13.974832          0.0   
0.064  0.002778  1.193212e+01 -190.157534    0.0  13.647445          0.0   
0.072  0.002778  1.105152e+01  151.520855    0.0  13.542485          0.0   
0.080  0.002778  8.801063e+00  104.496297    0.0  11.673274          0.0   
0.088  0.002778  7.131820e+00   59.096117    0.0  13.419989          0.0   
0.096  0.002778  8.415573e+00   37.023596    0.0  12.608243          0.0   
0.104  0.002778  1.148842e+01   39.126064    0.0  13.497849          0.0   
0.112  0.002778  1.147817e+01   44.057651    0.0  14.618415          0.0   
0.120  0.002778  6.451146e+00   83.050149    0.0  13.144898          0.0   
0.128  0.002778  1.229485e+01  103.888256    0.0  16.389014          0.0   
0.136  0.002778  1.185641e+01  115.337762    0.0  14.725622          0.0   
0.144  0.002778  1.086877e+01  124.721690    0.0  13.303945          0.0   
0.152  0.002778  1.326056e+01  136.139311    0.0  15.573672          0.0   
0.160  0.002778  1.227522e+01  118.239052    0.0  14.515017          0.0   
0.168  0.002778  1.224112e+01  116.536432    0.0  16.259859          0.0   
0.176  0.002778  6.591237e+00   56.716959    0.0  12.488990          0.0   
0.184  0.002778  8.485991e+00   31.391964    0.0  13.033239          0.0   
0.192  0.002778  1.120304e+01   -1.794817    0.0  13.804663          0.0   
0.200  0.002778  1.037205e+01   -4.931569    0.0  13.331201          0.0   
0.208  0.002778  9.293286e+00   -9.096804    0.0  12.856869          0.0   
0.216  0.002778  8.236794e+00    0.089288    0.0  14.127109          0.0   
0.224  0.002778  3.961350e+00   42.532340    0.0  12.079619          0.0   
0.232  0.002778  6.573139e+00  129.872336    0.0  12.050627          0.0   
0.240  0.002778  1.073786e+01  132.056911    0.0  12.437222          0.0   
0.248  0.002778  1.036880e+01  123.791088    0.0  13.558905          0.0   
0.256  0.002778  1.013643e+01  121.337185    0.0  12.143746          0.0   
0.264  0.002778  1.086213e+01  119.091144    0.0  13.926949          0.0   
0.272  0.002778  1.134077e+01   89.798887    0.0  12.802576          0.0   
0.280  0.002778  7.036436e+00   44.029888    0.0  13.339415          0.0   
0.288  0.002778  1.158306e+01   18.850656    0.0  14.947046          0.0   
0.296  0.002778  1.311315e+01   34.703948    0.0  14.319857          0.0   
0.304  0.002778  7.171128e+00   30.313877    0.0  13.752562          0.0   
0.312  0.002778  3.001834e+00   74.157545    0.0  12.738242          0.0   
0.320  0.002778  7.038983e+00  118.597595    0.0  13.414953          0.0   
0.328  0.002778  9.037913e+00 -205.895837    0.0  14.246315          0.0   
0.336  0.002778  1.130677e+01 -209.387253    0.0  13.343777          0.0   
0.344  0.002778  1.045499e+01 -208.598703    0.0  12.648266          0.0   
0.352  0.002778  5.474991e+00 -199.413347    0.0  13.822727          0.0   
0.360  0.002778  1.283169e-09  164.571138    0.0  11.801593          0.0   
0.368  0.002778  6.506056e+00  -32.332263    0.0  11.509329          0.0   
0.376  0.002778  1.103734e+01  -24.313525    0.0  14.489408          0.0   
0.384  0.002778  1.011503e+01  -33.838958    0.0  14.833069          0.0   
0.392  0.002778  3.197531e+00  -30.819016    0.0  15.547091          0.0   
0.400  0.002778  2.544293e-08  -53.659903    0.0  14.908012          0.0   

       amp_stderr  phase_stderr  gamma_stderr  offset_stderr     chisqr  \
tmw                                                                       
0.000    1.058989  9.163489e+01           0.0       0.697162   1.945141   
0.008    0.637557  5.224116e+00           0.0       0.445865   1.310224   
0.016    0.776866  3.674460e+00           0.0       0.610789   2.436051   
0.024    0.746350  3.205796e+00           0.0       0.591059   1.306205   
0.032    1.245405  7.602032e+00           0.0       0.987247   4.103574   
0.040    1.214882  1.727831e+01           0.0       0.833968   5.088754   
0.048    0.680705  4.120568e+00           0.0       0.576349   1.312746   
0.056    1.019650  4.636589e+00           0.0       0.908353   3.549997   
0.064    1.430541  5.692755e+00           0.0       1.307257   7.053092   
0.072    1.344464  5.596882e+00           0.0       1.093804   5.629557   
0.080    0.602977  2.637942e+00           0.0       0.435693   0.915388   
0.088    0.452911  3.641802e+00           0.0       0.336489   0.738703   
0.096    1.012642  6.298075e+00           0.0       0.724072   2.313178   
0.104    0.373397  1.639032e+00           0.0       0.297265   0.396124   
0.112    0.587678  2.624703e+00           0.0       0.501535   0.908786   
0.120    0.783444  6.841695e+00           0.0       0.595344   1.724693   
0.128    1.242882  4.629074e+00           0.0       0.902645   4.073355   
0.136    1.020766  4.190694e+00           0.0       0.749022   2.522322   
0.144    1.476893  6.445409e+00           0.0       1.255758   6.216330   
0.152    0.733875  1.963464e+00           0.0       0.591240   1.451835   
0.160    0.738852  3.215390e+00           0.0       0.676386   1.228980   
0.168    1.065597  4.407542e+00           0.0       0.925236   3.807048   
0.176    0.605805  5.552017e+00           0.0       0.439672   1.185462   
0.184    0.377922  3.035089e+00           0.0       0.301899   0.890154   
0.192    0.774247  4.537744e+00           0.0       0.692786   2.118018   
0.200    0.859318  6.078345e+00           0.0       0.739430   2.662850   
0.208    0.790161  4.808383e+00           0.0       0.637470   2.029008   
0.216    0.662953  5.784580e+00           0.0       0.536313   1.944813   
0.224    0.954919  1.285425e+01           0.0       0.647236   2.374270   
0.232    0.917313  8.455714e+00           0.0       0.725503   3.832697   
0.240    1.071229  3.964672e+00           0.0       0.721305   2.208525   
0.248    0.860438  4.129680e+00           0.0       0.782948   2.227437   
0.256    1.412108  6.853738e+00           0.0       1.255967   8.669777   
0.264    1.062831  2.968859e+00           0.0       0.768517   1.696065   
0.272    1.045335  4.887937e+00           0.0       0.693467   7.584631   
0.280    1.505955  1.134055e+01           0.0       1.097358   3.910167   
0.288    0.694635  3.643679e+00           0.0       0.544444   1.634071   
0.296    0.196727  1.148225e+00           0.0       0.174328   0.217796   
0.304    0.891579  7.054380e+00           0.0       0.601179   2.605555   
0.312    0.817178  1.238646e+01           0.0       0.528167   1.660139   
0.320    0.556583  6.953413e+00           0.0       0.481105   2.399558   
0.328    1.700842  7.640211e+00           0.0       1.453654   5.548624   
0.336    1.225537  3.578044e+00           0.0       1.038948   3.416956   
0.344    0.909600  4.633093e+00           0.0       0.720973   3.362324   
0.352    1.257488  1.450115e+01           0.0       0.956504   5.121008   
0.360    0.234633  2.845796e+09           0.0       0.844195   3.890729   
0.368    1.604423  1.522108e+01           0.0       1.164544  13.024666   
0.376    0.319095  1.881424e+00           0.0       0.269049   0.478924   
0.384    0.866652  5.305229e+00           0.0       0.701457   2.611278   
0.392    1.051923  1.942837e+01           0.0       0.700275   2.753443   
0.400    0.986945  1.166040e+09           0.0       1.485463   7.978522   

         redchi  success  errorbars  
tmw                                  
0.000  0.486285      1.0        1.0  
0.008  0.327556      1.0        1.0  
0.016  0.609013      1.0        1.0  
0.024  0.326551      1.0        1.0  
0.032  1.025893      1.0        1.0  
0.040  1.272188      1.0        1.0  
0.048  0.328187      1.0        1.0  
0.056  0.887499      1.0        1.0  
0.064  1.763273      1.0        1.0  
0.072  1.407389      1.0        1.0  
0.080  0.228847      1.0        1.0  
0.088  0.184676      1.0        1.0  
0.096  0.578295      1.0        1.0  
0.104  0.099031      1.0        1.0  
0.112  0.227197      1.0        1.0  
0.120  0.431173      1.0        1.0  
0.128  1.018339      1.0        1.0  
0.136  0.630580      1.0        1.0  
0.144  1.554082      1.0        1.0  
0.152  0.362959      1.0        1.0  
0.160  0.307245      1.0        1.0  
0.168  0.951762      1.0        1.0  
0.176  0.296365      1.0        1.0  
0.184  0.222539      1.0        1.0  
0.192  0.529505      1.0        1.0  
0.200  0.665713      1.0        1.0  
0.208  0.507252      1.0        1.0  
0.216  0.486203      1.0        1.0  
0.224  0.593567      1.0        1.0  
0.232  0.958174      1.0        1.0  
0.240  0.552131      1.0        1.0  
0.248  0.556859      1.0        1.0  
0.256  2.167444      1.0        1.0  
0.264  0.424016      1.0        1.0  
0.272  1.896158      1.0        1.0  
0.280  0.977542      1.0        1.0  
0.288  0.408518      1.0        1.0  
0.296  0.054449      1.0        1.0  
0.304  0.651389      1.0        1.0  
0.312  0.415035      1.0        1.0  
0.320  0.599889      1.0        1.0  
0.328  1.387156      1.0        1.0  
0.336  0.854239      1.0        1.0  
0.344  0.840581      1.0        1.0  
0.352  1.280252      1.0        1.0  
0.360  0.972682      1.0        1.0  
0.368  3.256167      1.0        1.0  
0.376  0.119731      1.0        1.0  
0.384  0.652820      1.0        1.0  
0.392  0.688361      1.0        1.0  
0.400  1.994631      1.0        1.0  