           freq           amp       phase  gamma    offset  freq_stderr  \
tmw                                                                       
0.000  0.002778  2.026978e-02  105.553319    0.0  0.531695          0.0   
0.008  0.002778  3.184840e-01  -44.787595    0.0  0.542170          0.0   
0.016  0.002778  4.484418e-01  -37.596854    0.0  0.519655          0.0   
0.024  0.002778  5.066477e-01  -35.586862    0.0  0.624757          0.0   
0.032  0.002778  4.258184e-01  -30.565401    0.0  0.563120          0.0   
0.040  0.002778  5.146994e-13  138.105168    0.0  0.493582          NaN   
0.048  0.002778  2.878165e-01 -171.403056    0.0  0.473137          0.0   
0.056  0.002778  4.258126e-01 -193.039213    0.0  0.474575          0.0   
0.064  0.002778  3.848531e-01 -188.312931    0.0  0.451051          0.0   
0.072  0.002778  3.725883e-01  151.629628    0.0  0.465817          0.0   
0.080  0.002778  3.226504e-01  104.294115    0.0  0.429470          0.0   
0.088  0.002778  2.774687e-01   60.568413    0.0  0.521977          0.0   
0.096  0.002778  3.442657e-01   36.668876    0.0  0.516424          0.0   
0.104  0.002778  4.720990e-01   38.118526    0.0  0.550184          0.0   
0.112  0.002778  4.664529e-01   46.362986    0.0  0.586492          0.0   
0.120  0.002778  2.447603e-01   83.616555    0.0  0.495979          0.0   
0.128  0.002778  4.207821e-01  102.547874    0.0  0.570944          0.0   
0.136  0.002778  3.964937e-01  116.285597    0.0  0.498074          0.0   
0.144  0.002778  3.709687e-01  123.119324    0.0  0.460895          0.0   
0.152  0.002778  4.328850e-01  137.295287    0.0  0.524236          0.0   
0.160  0.002778  4.315677e-01  117.198535    0.0  0.513963          0.0   
0.168  0.002778  3.980145e-01  113.156962    0.0  0.544441          0.0   
0.176  0.002778  2.423065e-01   56.771430    0.0  0.491184          0.0   
0.184  0.002778  3.413889e-01   33.028422    0.0  0.533336          0.0   
0.192  0.002778  4.671703e-01   -0.806025    0.0  0.568925          0.0   
0.200  0.002778  4.319040e-01   -1.917564    0.0  0.562236          0.0   
0.208  0.002778  4.021446e-01   -7.402676    0.0  0.545199          0.0   
0.216  0.002778  3.303321e-01   -0.059226    0.0  0.570818          0.0   
0.224  0.002778  1.446211e-01   44.009982    0.0  0.461021          0.0   
0.232  0.002778  2.335416e-01  128.731953    0.0  0.431616          0.0   
0.240  0.002778  3.749901e-01  131.813691    0.0  0.437737          0.0   
0.248  0.002778  3.501043e-01  121.646936    0.0  0.468189          0.0   
0.256  0.002778  3.579617e-01  120.268833    0.0  0.432196          0.0   
0.264  0.002778  3.983673e-01  118.848789    0.0  0.512638          0.0   
0.272  0.002778  4.423126e-01   90.800435    0.0  0.492824          0.0   
0.280  0.002778  2.796251e-01   46.848399    0.0  0.524628          0.0   
0.288  0.002778  4.632176e-01   19.936380    0.0  0.603442          0.0   
0.296  0.002778  5.357236e-01   37.581689    0.0  0.593724          0.0   
0.304  0.002778  2.665432e-01   31.692596    0.0  0.554033          0.0   
0.312  0.002778  1.166010e-01   73.603957    0.0  0.482476          0.0   
0.320  0.002778  2.561315e-01  117.008326    0.0  0.480961          0.0   
0.328  0.002778  2.964124e-01 -206.624021    0.0  0.491562          0.0   
0.336  0.002778  3.617041e-01 -209.703709    0.0  0.442722          0.0   
0.344  0.002778  3.545649e-01 -209.128481    0.0  0.436159          0.0   
0.352  0.002778  1.883442e-01 -201.005358    0.0  0.486767          0.0   
0.360  0.002778  8.772760e-12  164.243600    0.0  0.437926          NaN   
0.368  0.002778  2.847814e-01  -30.362949    0.0  0.472304          0.0   
0.376  0.002778  4.557795e-01  -23.165076    0.0  0.586947          0.0   
0.384  0.002778  4.070716e-01  -33.902504    0.0  0.591263          0.0   
0.392  0.002778  1.198945e-01  -35.087084    0.0  0.603631          0.0   
0.400  0.002778  3.792281e-02 -180.587033    0.0  0.567284          0.0   

       amp_stderr  phase_stderr  gamma_stderr  offset_stderr     chisqr  \
tmw                                                                       
0.000    0.034784     82.427397           0.0            0.0   1.985710   
0.008    0.036063      7.766515           0.0            0.0   4.387799   
0.016    0.028445      4.869682           0.0            0.0   7.258294   
0.024    0.027504      3.870101           0.0            0.0   2.913949   
0.032    0.042832      8.094413           0.0            0.0   9.504887   
0.040         NaN           NaN           NaN            NaN  17.120103   
0.048    0.019296      5.765819           0.0            0.0   2.577738   
0.056    0.013097      5.445383           0.0            0.0   5.058767   
0.064    0.014927      6.560413           0.0            0.0   9.346823   
0.072    0.027186      6.046090           0.0            0.0   6.777989   
0.080    0.012790      2.264203           0.0            0.0   0.927071   
0.088    0.019183      4.205505           0.0            0.0   1.423668   
0.096    0.040008      6.881385           0.0            0.0   4.206442   
0.104    0.020353      3.219672           0.0            0.0   2.379647   
0.112    0.018775      3.058155           0.0            0.0   2.184390   
0.120    0.022923      5.939330           0.0            0.0   1.784891   
0.128    0.033812      4.998278           0.0            0.0   5.326356   
0.136    0.033578      5.486902           0.0            0.0   4.427120   
0.144    0.028085      6.266078           0.0            0.0   6.983290   
0.152    0.017556      3.077464           0.0            0.0   3.619143   
0.160    0.012430      3.205604           0.0            0.0   1.524163   
0.168    0.025643      5.424180           0.0            0.0   6.605019   
0.176    0.026366      6.583869           0.0            0.0   2.045774   
0.184    0.027552      6.059977           0.0            0.0   5.280314   
0.192    0.022299      5.348641           0.0            0.0   4.696112   
0.200    0.036282      7.505704           0.0            0.0   6.704170   
0.208    0.033713      6.418601           0.0            0.0   6.241379   
0.216    0.030636      7.373293           0.0            0.0   4.616722   
0.224    0.032710     11.742701           0.0            0.0   2.543457   
0.232    0.027008      7.981032           0.0            0.0   4.150724   
0.240    0.029081      4.107642           0.0            0.0   2.642660   
0.248    0.013976      4.345337           0.0            0.0   3.031023   
0.256    0.022719      6.074641           0.0            0.0   9.007053   
0.264    0.020206      2.223358           0.0            0.0   1.704850   
0.272    0.022429      4.146985           0.0            0.0   8.492095   
0.280    0.047701      9.360364           0.0            0.0   4.429759   
0.288    0.030424      4.715042           0.0            0.0   4.022902   
0.296    0.022116      4.473539           0.0            0.0   5.285664   
0.304    0.041734      8.715606           0.0            0.0   5.112601   
0.312    0.026268     10.863212           0.0            0.0   1.764745   
0.320    0.019734      6.798311           0.0            0.0   2.929923   
0.328    0.026319      8.089535           0.0            0.0   6.202474   
0.336    0.017408      4.473008           0.0            0.0   4.994353   
0.344    0.021597      5.292490           0.0            0.0   4.652367   
0.352    0.040494     14.657479           0.0            0.0   5.813908   
0.360         NaN           NaN           NaN            NaN   3.890730   
0.368    0.041476     13.133613           0.0            0.0  16.597886   
0.376    0.016914      4.021575           0.0            0.0   3.403157   
0.384    0.028451      5.563115           0.0            0.0   4.223391   
0.392    0.040433     18.316729           0.0            0.0   3.484399   
0.400    0.056199     97.065431           0.0            0.0   7.465609   

         redchi  success  errorbars  
tmw                                  
0.000  0.397142      1.0        1.0  
0.008  0.877560      1.0        1.0  
0.016  1.451659      1.0        1.0  
0.024  0.582790      1.0        1.0  
0.032  1.900977      1.0        1.0  
0.040  3.424021      1.0        0.0  
0.048  0.515548      1.0        1.0  
0.056  1.011753      1.0        1.0  
0.064  1.869365      1.0        1.0  
0.072  1.355598      1.0        1.0  
0.080  0.185414      1.0        1.0  
0.088  0.284734      1.0        1.0  
0.096  0.841288      1.0        1.0  
0.104  0.475929      1.0        1.0  
0.112  0.436878      1.0        1.0  
0.120  0.356978      1.0        1.0  
0.128  1.065271      1.0        1.0  
0.136  0.885424      1.0        1.0  
0.144  1.396658      1.0        1.0  
0.152  0.723829      1.0        1.0  
0.160  0.304833      1.0        1.0  
0.168  1.321004      1.0        1.0  
0.176  0.409155      1.0        1.0  
0.184  1.056063      1.0        1.0  
0.192  0.939222      1.0        1.0  
0.200  1.340834      1.0        1.0  
0.208  1.248276      1.0        1.0  
0.216  0.923344      1.0        1.0  
0.224  0.508691      1.0        1.0  
0.232  0.830145      1.0        1.0  
0.240  0.528532      1.0        1.0  
0.248  0.606205      1.0        1.0  
0.256  1.801411      1.0        1.0  
0.264  0.340970      1.0        1.0  
0.272  1.698419      1.0        1.0  
0.280  0.885952      1.0        1.0  
0.288  0.804580      1.0        1.0  
0.296  1.057133      1.0        1.0  
0.304  1.022520      1.0        1.0  
0.312  0.352949      1.0        1.0  
0.320  0.585985      1.0        1.0  
0.328  1.240495      1.0        1.0  
0.336  0.998871      1.0        1.0  
0.344  0.930473      1.0        1.0  
0.352  1.162782      1.0        1.0  
0.360  0.778146      1.0        0.0  
0.368  3.319577      1.0        1.0  
0.376  0.680631      1.0        1.0  
0.384  0.844678      1.0        1.0  
0.392  0.696880      1.0        1.0  
0.400  1.493122      1.0        1.0  