           freq         amp       phase  gamma      offset  freq_stderr  \
tmw                                                                       
0.000  0.002778    2.846543  169.094126    0.0  159.260555          0.0   
0.008  0.002778   85.542444  -33.315086    0.0  157.654712          0.0   
0.016  0.002778  124.621461  -32.441534    0.0  168.052243          0.0   
0.024  0.002778  120.518234  -31.778645    0.0  165.420218          0.0   
0.032  0.002778   97.112928  -58.893502    0.0  174.702018          0.0   
0.040  0.002778   32.206450 -101.457595    0.0  165.147186          0.0   
0.048  0.002778   80.384980 -170.085936    0.0  163.472938          0.0   
0.056  0.002778  114.631004 -188.817300    0.0  155.769440          0.0   
0.064  0.002778  111.434074 -196.486432    0.0  164.650980          0.0   
0.072  0.002778   94.334979  144.529213    0.0  159.528393          0.0   
0.080  0.002778   83.315778  106.496638    0.0  170.642392          0.0   
0.088  0.002778   66.113181   63.109616    0.0  167.449804          0.0   
0.096  0.002778   93.352472   31.306686    0.0  165.872589          0.0   
0.104  0.002778  107.874890   25.941791    0.0  165.144526          0.0   
0.112  0.002778   84.605109   46.916470    0.0  160.541532          0.0   
0.120  0.002778   49.455862   76.556503    0.0  166.841568          0.0   
0.128  0.002778   97.360680  103.248228    0.0  178.309480          0.0   
0.136  0.002778   95.590461  116.019590    0.0  173.363949          0.0   
0.144  0.002778   94.765977  118.467897    0.0  160.919083          0.0   
0.152  0.002778  106.810373  122.820165    0.0  168.024383          0.0   
0.160  0.002778  104.942280  121.754496    0.0  174.236747          0.0   
0.168  0.002778   93.964727  103.716970    0.0  168.925883          0.0   
0.176  0.002778   69.001903   64.974738    0.0  169.885383          0.0   
0.184  0.002778   86.054300   15.492811    0.0  167.903841          0.0   
0.192  0.002778  101.848653    0.308361    0.0  158.347147          0.0   
0.200  0.002778   88.716943    1.185187    0.0  162.139520          0.0   
0.208  0.002778   83.319867   -4.180484    0.0  167.122698          0.0   
0.216  0.002778   66.814134    8.915539    0.0  171.581471          0.0   
0.224  0.002778   29.806426   65.341188    0.0  175.333727          0.0   
0.232  0.002778   55.600703  102.267314    0.0  167.157192          0.0   
0.240  0.002778   71.590324  132.000588    0.0  166.142051          0.0   
0.248  0.002778   76.690602  128.326416    0.0  162.738539          0.0   
0.256  0.002778   79.633615  132.825577    0.0  172.884580          0.0   
0.264  0.002778   71.284624  115.359859    0.0  162.548487          0.0   
0.272  0.002778   77.158315  104.526790    0.0  173.322596          0.0   
0.280  0.002778   47.366914   57.259239    0.0  169.825982          0.0   
0.288  0.002778   76.966028   38.698365    0.0  171.883252          0.0   
0.296  0.002778   78.572757   27.129299    0.0  172.264977          0.0   
0.304  0.002778   55.218708   23.644185    0.0  176.629941          0.0   
0.312  0.002778   23.404031   70.646122    0.0  173.230813          0.0   
0.320  0.002778   51.673539  125.162956    0.0  175.538012          0.0   
0.328  0.002778   60.915797  142.189310    0.0  167.258625          0.0   
0.336  0.002778   73.453092 -207.187761    0.0  169.875018          0.0   
0.344  0.002778   74.404237  150.021153    0.0  172.130552          0.0   
0.352  0.002778   44.514891 -202.510999    0.0  180.904201          0.0   
0.360  0.002778    7.078892  -58.012125    0.0  178.228716          0.0   
0.368  0.002778   58.253853  -23.901866    0.0  172.957696          0.0   
0.376  0.002778   66.313113  -16.713444    0.0  170.839479          0.0   
0.384  0.002778   57.523595  -40.123606    0.0  172.828270          0.0   
0.392  0.002778   27.307881  -48.266362    0.0  169.378709          0.0   
0.400  0.002778   22.368023 -198.920433    0.0  172.732283          0.0   

       amp_stderr  phase_stderr  gamma_stderr  offset_stderr     chisqr  \
tmw                                                                       
0.000    2.729462     62.837885           0.0       2.065235   1.101408   
0.008    6.824746      4.950243           0.0       4.922976  10.050446   
0.016    5.209129      1.944898           0.0       3.378261   4.563287   
0.024    2.990787      1.495454           0.0       2.191400   1.349564   
0.032    5.733411      2.624622           0.0       3.943257   4.265491   
0.040    7.051177      6.719042           0.0       3.326047   4.328892   
0.048    7.032070      2.318354           0.0       4.124730   5.480768   
0.056    5.371342      3.194919           0.0       5.230652   4.473170   
0.064    4.088853      1.528094           0.0       3.006497   2.177692   
0.072    7.777007      3.034485           0.0       6.071484   9.627974   
0.080    6.116094      2.195690           0.0       3.428383   3.738442   
0.088    4.692617      3.963074           0.0       3.348742   4.676242   
0.096    3.085144      3.052708           0.0       2.354611   2.181887   
0.104    3.974906      1.477754           0.0       2.277230   2.525222   
0.112    4.022027      2.581991           0.0       2.837575   3.936838   
0.120    3.073246      2.732787           0.0       1.850022   1.340378   
0.128    4.987649      1.963092           0.0       3.458338   2.714678   
0.136    4.624853      2.397556           0.0       3.291585   2.701098   
0.144    6.887263      2.982766           0.0       4.368126   6.427405   
0.152    5.722272      2.510308           0.0       4.512822   4.557038   
0.160    9.570712      3.937466           0.0       6.200745   8.976562   
0.168    5.130038      3.246900           0.0       3.902553   2.107976   
0.176    6.232395      6.586892           0.0       5.683193   7.613953   
0.184    5.509288      3.124800           0.0       3.628974   4.426297   
0.192    6.474481      3.948990           0.0       5.867811   4.018696   
0.200    6.768600      4.621018           0.0       4.855567   8.455633   
0.208    5.451307      4.533548           0.0       4.188593   6.359903   
0.216    2.825256      3.792432           0.0       2.443740   2.468322   
0.224    7.287807     10.608923           0.0       4.828679  12.965465   
0.232    6.578215      6.048061           0.0       4.431408   4.500165   
0.240    2.361776      1.299292           0.0       1.535704   0.530620   
0.248    7.334442      5.352199           0.0       5.821539   4.287431   
0.256    4.664383      3.152961           0.0       3.718409   2.397200   
0.264    8.786914      6.397699           0.0       5.901616   8.010088   
0.272    4.697154      3.337112           0.0       3.264646   2.550344   
0.280    3.209245      6.477716           0.0       2.814709   2.233395   
0.288    3.811479      4.363590           0.0       3.927527   5.142847   
0.296    6.789926      5.854430           0.0       5.246659   5.256510   
0.304    2.193872      2.892104           0.0       1.748899   1.318444   
0.312    4.604309      8.651100           0.0       2.772983   3.097880   
0.320    7.137693      6.937605           0.0       5.248577   6.743005   
0.328    4.383445      4.062991           0.0       3.336727   2.779592   
0.336    4.291914      4.011728           0.0       3.561193   4.621618   
0.344    1.816297      1.662120           0.0       1.418341   0.757786   
0.352    6.001961      8.332122           0.0       4.517787   6.850974   
0.360    8.588795     62.366667           0.0       5.568700   5.842832   
0.368    2.967738      3.472725           0.0       2.290240   1.071753   
0.376    2.727705      2.608855           0.0       2.091465   1.655072   
0.384    4.348510      3.587368           0.0       2.883288   2.518424   
0.392    4.312866     11.966828           0.0       3.463218   3.757869   
0.400    6.243277     11.346743           0.0       3.569696   6.124290   

         redchi  success  errorbars  
tmw                                  
0.000  0.275352      1.0        1.0  
0.008  2.512611      1.0        1.0  
0.016  1.140822      1.0        1.0  
0.024  0.337391      1.0        1.0  
0.032  1.066373      1.0        1.0  
0.040  1.082223      1.0        1.0  
0.048  1.370192      1.0        1.0  
0.056  1.118293      1.0        1.0  
0.064  0.544423      1.0        1.0  
0.072  2.406994      1.0        1.0  
0.080  0.934610      1.0        1.0  
0.088  1.169060      1.0        1.0  
0.096  0.545472      1.0        1.0  
0.104  0.631305      1.0        1.0  
0.112  0.984210      1.0        1.0  
0.120  0.335094      1.0        1.0  
0.128  0.678669      1.0        1.0  
0.136  0.675275      1.0        1.0  
0.144  1.606851      1.0        1.0  
0.152  1.139260      1.0        1.0  
0.160  2.244140      1.0        1.0  
0.168  0.526994      1.0        1.0  
0.176  1.903488      1.0        1.0  
0.184  1.106574      1.0        1.0  
0.192  1.004674      1.0        1.0  
0.200  2.113908      1.0        1.0  
0.208  1.589976      1.0        1.0  
0.216  0.617080      1.0        1.0  
0.224  3.241366      1.0        1.0  
0.232  1.125041      1.0        1.0  
0.240  0.132655      1.0        1.0  
0.248  1.071858      1.0        1.0  
0.256  0.599300      1.0        1.0  
0.264  2.002522      1.0        1.0  
0.272  0.637586      1.0        1.0  
0.280  0.558349      1.0        1.0  
0.288  1.285712      1.0        1.0  
0.296  1.314128      1.0        1.0  
0.304  0.329611      1.0        1.0  
0.312  0.774470      1.0        1.0  
0.320  1.685751      1.0        1.0  
0.328  0.694898      1.0        1.0  
0.336  1.155405      1.0        1.0  
0.344  0.189446      1.0        1.0  
0.352  1.712744      1.0        1.0  
0.360  1.460708      1.0        1.0  
0.368  0.267938      1.0        1.0  
0.376  0.413768      1.0        1.0  
0.384  0.629606      1.0        1.0  
0.392  0.939467      1.0        1.0  
0.400  1.531072      1.0        1.0  